p_val	avg_log2FC	pct.1	pct.2	p_val_adj	cluster	gene
3.32143862043476e-167	2.4082780952198	0.987	0.995	1.11394408452141e-162	c5	MALAT1
2.04576538412788e-160	1.28470668091996	0.998	1	6.86108794528808e-156	c5	MT-CO1
1.03236116076245e-156	1.44023167033219	0.998	0.999	3.46233286096509e-152	c5	MT-ND4L
9.9328148336593e-152	1.2314860419611	0.998	1	3.33126743891265e-147	c5	MT-CO2
1.53290610166608e-140	1.65441607533995	0.96	0.968	5.14106048376769e-136	c5	MT-ND1
2.42189892786907e-140	2.01171956670226	0.951	0.955	8.12256462428728e-136	c5	MT-ND3
2.06859945836263e-135	1.2189979082394	0.998	0.999	6.93766886345659e-131	c5	MT-CYB
2.73300481003995e-120	1.0618272511223	0.996	0.999	9.16595153191198e-116	c5	MT-CO3
4.3280223745459e-115	2.29538775654539	0.863	0.818	1.4515321439752e-110	c5	PTPRC
9.75238920690384e-112	1.18393769912817	0.984	0.998	3.27075629221141e-107	c5	MT-ATP6
5.0489013033192e-104	1.43918414175061	0.915	0.946	1.69330051910719e-99	c5	MT-ND4
3.27820791389862e-102	1.35376402925883	0.946	0.973	1.09944537016332e-97	c5	MT-ATP8
1.01628239155618e-98	1.39936706334587	0.915	0.959	3.40840788480112e-94	c5	MT-ND5
3.38504169667593e-67	3.60682846855326	0.397	0.122	1.13527528423118e-62	c5	CCR7
3.52336683525965e-67	2.96409445615414	0.576	0.285	1.18166676920938e-62	c5	IL7R
2.96993410460853e-63	4.6397881768959	0.231	0.038	9.96056500003608e-59	c5	ANK3
8.72917301012203e-62	1.6272331313601	0.865	0.906	2.92759004413473e-57	c5	MTRNR2L12
3.05086095410526e-56	1.59637431041164	0.78	0.873	1.02319774678782e-51	c5	MT-ND2
2.4865360416769e-50	3.22766072225391	0.473	0.239	8.33934457657599e-46	c5	LINC00861
1.74479526243564e-40	0.766401365408099	0.973	0.998	5.85169435115665e-36	c5	HLA-B
6.0999618467471e-34	0.814579704517431	0.928	0.992	2.04580520416204e-29	c5	HLA-A
9.69177716973044e-34	1.20869087386035	0.747	0.893	3.2504282271842e-29	c5	HLA-E
3.22973783338184e-30	3.7974188338328	0.182	0.049	1.0831894745596e-25	c5	NELL2
1.13661213853059e-26	0.107024560169238	0.13	0.467	3.8119697902039e-22	c5	FAM49B
1.42036816860878e-26	0.201550581763953	0.11	0.428	4.76363076388011e-22	c5	CCT4
9.2892159174099e-26	0.114762601469923	0.105	0.413	3.11541723438093e-21	c5	HMGN3
2.82265766917647e-25	0.255360317585446	0.117	0.432	9.46662929088405e-21	c5	ARHGAP30
4.29230926078077e-25	0.168419390662717	0.083	0.364	1.43955467988065e-20	c5	RASSF5
2.05187893578817e-24	0.177618904776554	0.184	0.553	6.88159157484636e-20	c5	XRCC6
2.1077601634905e-24	0.185489495266	0.105	0.401	7.06900603631443e-20	c5	KHDRBS1
2.12400228318334e-24	0.183585968852591	0.159	0.507	7.12347885734028e-20	c5	ARL4C
2.38949658099954e-24	0.118773612589191	0.155	0.494	8.01389363335624e-20	c5	IER2
3.13417326278502e-24	0.2283942313048	0.211	0.607	1.05113902887284e-19	c5	WIPF1
4.42770184218815e-24	0.142815356737992	0.103	0.392	1.48496264383306e-19	c5	ATRAID
1.24399144146599e-23	3.15483057566249	0.231	0.093	4.17209849638863e-19	c5	PIK3IP1
2.52203606381285e-23	0.219959439600931	0.206	0.588	8.45840455081554e-19	c5	BCAP31
4.99697007701785e-23	0.219397344497064	0.209	0.589	1.67588382443025e-18	c5	OPTN
6.82394170323278e-23	0.19865239820778	0.13	0.435	2.28861356843021e-18	c5	SRSF4
1.12862957425486e-22	0.25345169900558	0.137	0.449	3.78519786613595e-18	c5	DEF6
1.20756590859727e-22	0.194577695271069	0.15	0.475	4.04993454425353e-18	c5	SH3KBP1
2.18013383294703e-22	0.174422811700181	0.087	0.35	7.31173284893775e-18	c5	MFNG
2.90923039612209e-22	0.25873541511337	0.083	0.342	9.75697690251427e-18	c5	RAB2A
4.3592891568819e-22	0.321445200374446	0.121	0.414	1.46201839743505e-17	c5	RTN4
5.58017833842833e-22	0.27009452409389	0.126	0.42	1.87148021114209e-17	c5	CAPZA1
6.01896794691408e-22	0.119562732807141	0.067	0.31	2.01864147003604e-17	c5	PSMD6
6.11654940074524e-22	0.261033388499612	0.166	0.497	2.05136833802194e-17	c5	MCL1
1.19179576641164e-21	0.130642518623069	0.164	0.487	3.99704464139135e-17	c5	FLOT1
1.41332599664962e-21	0.165100797840293	0.177	0.516	4.7400127275635e-17	c5	SRSF2
1.80841294709037e-21	0.216243947665856	0.07	0.31	6.06505534195168e-17	c5	TMEM183A
1.92860186548652e-21	0.113473926467188	0.108	0.381	6.46814493646869e-17	c5	DHRS7
1.9940650057726e-21	2.94749040771672	0.339	0.203	6.68769521636014e-17	c5	ATM
2.48880590810593e-21	0.211835720543478	0.096	0.36	8.34695725460567e-17	c5	TMOD3
2.73857562093601e-21	0.286477052574416	0.148	0.455	9.18463491749519e-17	c5	CCT7
2.77839378169885e-21	0.271308550713546	0.148	0.459	9.3181770650616e-17	c5	CCT8
4.26721412919401e-21	0.109718483935516	0.07	0.307	1.43113827464909e-16	c5	LASP1
4.34511125720849e-21	0.359909467855762	0.179	0.516	1.45726341344258e-16	c5	NUCB1
5.039478219357e-21	0.132405421273864	0.061	0.289	1.69014020520795e-16	c5	FAM107B
6.52255636178022e-21	1.47024947531537	0.646	0.786	2.18753495261385e-16	c5	SARAF
9.36409035924748e-21	0.253011680090435	0.132	0.423	3.14052862468442e-16	c5	SERPINB1
1.05394018875906e-20	0.251142908958874	0.087	0.338	3.53470460506015e-16	c5	MLX
1.11822873888625e-20	0.353874923521898	0.094	0.351	3.75031554447672e-16	c5	PDCD2
1.65832880718447e-20	0.164437561267066	0.063	0.289	5.56170315353529e-16	c5	RNF126
2.73061909527048e-20	0.271510678495361	0.213	0.577	9.15795032171814e-16	c5	TECR
4.43029920111531e-20	3.34457799534097	0.195	0.076	1.48583374607005e-15	c5	IL6ST
4.8190698890308e-20	0.122220257169145	0.101	0.357	1.61621965938315e-15	c5	SSR1
5.28972914476931e-20	0.170901221196699	0.128	0.407	1.77406936057273e-15	c5	MYO1F
8.50367287449163e-20	0.380458162110431	0.195	0.54	2.851961808647e-15	c5	CCT3
9.39842187779176e-20	1.56862966318225	0.601	0.721	3.1520427293738e-15	c5	ITM2B
9.75788661302373e-20	0.267986249091596	0.209	0.561	3.2726000122759e-15	c5	PARP1
1.1243068753591e-19	0.228503401844881	0.229	0.601	3.77070039857935e-15	c5	VCP
1.15956669141835e-19	0.261048707236263	0.072	0.3	3.88895476967885e-15	c5	PSMD14
1.23754636298527e-19	0.28441291785288	0.141	0.428	4.15048299218001e-15	c5	EIF4B
1.33213244265557e-19	0.238081688870937	0.262	0.67	4.46770578617824e-15	c5	TAP1
1.40675046841724e-19	0.236145496063409	0.13	0.408	4.71795972097775e-15	c5	HSPA1A
1.56243516413002e-19	0.338961188667449	0.108	0.367	5.24009505345927e-15	c5	WASF2
1.71323569006761e-19	0.37932932041787	0.09	0.333	5.74584985734875e-15	c5	DNAJA2
2.25265276020157e-19	0.261324923877493	0.152	0.446	7.55494682716403e-15	c5	HADHA
2.91926104902105e-19	0.259996869943241	0.112	0.371	9.79061770620679e-15	c5	DPP7
3.25141790448843e-19	0.406865330271178	0.139	0.425	1.09046053680733e-14	c5	DDX46
3.27553690859401e-19	0.271574400289835	0.132	0.41	1.09854956840426e-14	c5	BRD2
3.38042431474134e-19	0.186369339745711	0.126	0.394	1.13372670667795e-14	c5	DNMT1
3.60339552536524e-19	0.166176036556128	0.13	0.4	1.208506791297e-14	c5	CD320
4.62827729313656e-19	0.146895321613375	0.056	0.265	1.55223163857214e-14	c5	KEAP1
8.7672524586912e-19	0.397529864031189	0.177	0.493	2.94036112959585e-14	c5	EIF5
8.7887652300066e-19	0.141152715429777	0.058	0.267	2.94757608283961e-14	c5	RNF114
8.96056687145691e-19	0.481023869387319	0.2	0.54	3.00519491734922e-14	c5	NCOR1
1.16405139004725e-18	0.109996081171852	0.078	0.304	3.90399555194047e-14	c5	RAB29
1.2386944430845e-18	0.104123213262472	0.058	0.266	4.1543334232168e-14	c5	RALA
1.43125637921882e-18	0.426492118385336	0.213	0.562	4.80014764462407e-14	c5	SF3B2
1.46325450958702e-18	0.29102412509082	0.105	0.354	4.90746297425295e-14	c5	FNBP1
2.56208507289009e-18	0.291263401494975	0.119	0.377	8.59272091745877e-14	c5	IK
2.85931507145501e-18	5.02629492674289	0.052	0.006	9.58957088664582e-14	c5	LINC00402
3.02000804861399e-18	0.122951771701405	0.099	0.337	1.01285029934416e-13	c5	TMC6
3.20616786516026e-18	0.111930336704339	0.09	0.318	1.07528457861745e-13	c5	DNAJC1
3.61828337704868e-18	0.198034153888211	0.085	0.309	1.21349987899458e-13	c5	CLINT1
3.67325215821753e-18	0.234617252136147	0.092	0.323	1.231935308823e-13	c5	RNF10
3.77425991869765e-18	0.236811448983704	0.193	0.515	1.26581129153282e-13	c5	HM13
5.00353273717772e-18	0.274607208996359	0.132	0.395	1.67808480939466e-13	c5	LRPAP1
6.18057873226033e-18	0.330110495438087	0.166	0.459	2.07284249522547e-13	c5	ZFP36L1
7.8437350130322e-18	0.26042161519439	0.108	0.35	2.63063184867074e-13	c5	PPIG
9.62795941403261e-18	0.133960997927115	0.114	0.35	3.22902502827826e-13	c5	HLA-DRA
9.77016671054499e-18	0.493047681760555	0.103	0.343	3.27671851138258e-13	c5	NDUFS2
1.06856985310722e-17	0.153799904009265	0.081	0.296	3.58376957335101e-13	c5	PNRC2
1.13036124183351e-17	0.121602639904095	0.074	0.287	3.79100553286122e-13	c5	ARL6IP6
1.15861448757488e-17	0.208050096932204	0.13	0.389	3.88576126842863e-13	c5	IFI16
1.28398933258493e-17	0.10676720490854	0.072	0.282	4.30624342362334e-13	c5	TMX4
1.35108348383186e-17	0.226075686901763	0.096	0.326	4.5312637880753e-13	c5	SCAMP3
1.76707284807646e-17	0.212851325422121	0.076	0.289	5.92640891787884e-13	c5	DAP3
1.89873551285675e-17	0.24065040125675	0.049	0.239	6.36797916301898e-13	c5	PLEKHB2
1.9758064093784e-17	0.22701675590726	0.26	0.643	6.62645953577326e-13	c5	TMEM59
2.35989434975187e-17	0.318657413737652	0.15	0.425	7.91461367019782e-13	c5	DDOST
2.56980688330015e-17	0.112279625559719	0.045	0.23	8.61861832521203e-13	c5	BCCIP
2.59968104443624e-17	0.27650407862475	0.083	0.299	8.71881028683025e-13	c5	IL2RG
2.94303942060644e-17	0.469477078162392	0.132	0.393	9.87036560882988e-13	c5	ROCK1
3.00109758721422e-17	0.298669971765603	0.07	0.275	1.0065081087999e-12	c5	GDI1
3.1214190526421e-17	0.199128025322917	0.074	0.283	1.04686152187511e-12	c5	NARF
3.25991442473537e-17	0.182744334338345	0.087	0.308	1.09331009976775e-12	c5	CDK6
3.4442663083135e-17	0.26013605571177	0.108	0.344	1.15513803448218e-12	c5	GATA3
3.4648459647032e-17	0.137348449501998	0.063	0.261	1.16204003964216e-12	c5	RBBP7
3.8228281828795e-17	0.65435538239132	0.128	0.385	1.28210011597413e-12	c5	RSU1
3.99302406178137e-17	0.482908340899025	0.146	0.418	1.33918040984024e-12	c5	SKAP1
4.27163986337188e-17	0.376653165239112	0.112	0.352	1.43262257737766e-12	c5	OSBPL8
4.55743528280729e-17	0.205674536787403	0.067	0.269	1.52847264514791e-12	c5	BECN1
4.81049473820843e-17	0.375304079491029	0.085	0.302	1.61334372530034e-12	c5	SRPK1
5.33093981536929e-17	0.164787667407669	0.054	0.244	1.78789059527855e-12	c5	LRRFIP2
5.61327412814738e-17	0.342109888086799	0.07	0.273	1.88257987709807e-12	c5	PPIH
5.82815186821483e-17	2.88681194719672	0.323	0.209	1.95464557356189e-12	c5	ITK
6.37182117692562e-17	0.277887182954147	0.054	0.243	2.13698138631731e-12	c5	PPCS
6.84731653178127e-17	5.41591473878679	0.045	0.005	2.2964530184288e-12	c5	RALGPS2
8.06186119868099e-17	0.12571542329391	0.045	0.226	2.70378700881363e-12	c5	ATXN10
8.26098540831422e-17	0.302693231281693	0.117	0.358	2.77056928624042e-12	c5	PRKAR1A
9.11815761242295e-17	0.241368484106722	0.081	0.288	3.05804770005441e-12	c5	NME3
9.2699403053921e-17	0.110425847848222	0.061	0.254	3.1089525796224e-12	c5	NAA50
1.13362441502846e-16	0.316128574994711	0.076	0.283	3.80194956312244e-12	c5	DHPS
1.32597673153464e-16	0.399848351235583	0.076	0.28	4.44706076222087e-12	c5	INTS11
1.37832823932486e-16	0.202752181823915	0.07	0.268	4.62263724904773e-12	c5	SRP72
1.42386941990736e-16	0.237846496521525	0.078	0.286	4.77537326048529e-12	c5	ARIH2
1.53788673248186e-16	0.539353394693427	0.166	0.447	5.15776452339765e-12	c5	GRB2
1.57195794519035e-16	1.87463877274714	0.489	0.444	5.27203255657938e-12	c5	SELL
1.71874510218558e-16	0.344803289630875	0.121	0.363	5.76432732371e-12	c5	G3BP2
1.84548264712143e-16	0.30967441748223	0.15	0.415	6.18937970191586e-12	c5	ESYT1
1.9087741383224e-16	0.330505971096285	0.067	0.264	6.40164670510567e-12	c5	TRNAU1AP
1.9796704306611e-16	0.10962116540317	0.204	0.502	6.63941869035119e-12	c5	TMEM173
2.09887709646233e-16	0.445446904418403	0.085	0.296	7.03921400611536e-12	c5	RSRC2
2.29416473615122e-16	0.285381661130195	0.11	0.341	7.69416969210398e-12	c5	DDRGK1
2.34120351596294e-16	0.149460038023354	0.105	0.332	7.85192835183651e-12	c5	PDIA4
2.61624380129606e-16	0.384528291662126	0.235	0.581	8.77435846078673e-12	c5	ICAM3
4.48473692450355e-16	0.376317204136144	0.22	0.55	1.50409106974e-11	c5	CD247
5.34251990525417e-16	0.334411377562644	0.085	0.292	1.79177432582415e-11	c5	CDS2
6.23394990620587e-16	0.155079628953327	0.065	0.255	2.09074211954333e-11	c5	TNFRSF1A
6.55876714434809e-16	0.455980296712426	0.213	0.538	2.19967932487146e-11	c5	SEPT7
7.06948824462184e-16	0.185260569683356	0.289	0.694	2.37096496748127e-11	c5	CDC42
7.47076421640953e-16	0.453504153157671	0.146	0.401	2.50554490289943e-11	c5	HERPUD1
8.80240189022778e-16	0.264324382917105	0.065	0.254	2.95214954594459e-11	c5	LMNB1
8.87530119106541e-16	0.300365974709163	0.074	0.269	2.97659851345952e-11	c5	MAP4K1
8.89265558586836e-16	0.496227959370768	0.177	0.465	2.98241883038853e-11	c5	JUNB
8.97844743781011e-16	0.459933994327388	0.087	0.296	3.01119170169275e-11	c5	KCNAB2
9.29133674932229e-16	2.57527025478559	0.343	0.241	3.11612851898771e-11	c5	RIPOR2
9.62804891935668e-16	0.285257571782407	0.07	0.26	3.22905504657384e-11	c5	SECISBP2L
9.84819770011167e-16	0.475948892435901	0.114	0.343	3.30288854466345e-11	c5	MCUB
1.19954976333433e-15	0.315840262874387	0.105	0.326	4.02304999627066e-11	c5	PHF11
1.25890648733528e-15	0.410790166611803	0.137	0.38	4.22212057722507e-11	c5	MVP
1.27387967476917e-15	0.16154253659392	0.072	0.264	4.27233765324083e-11	c5	LIMA1
1.32985648733506e-15	3.62861531620428	0.07	0.014	4.46007268722431e-11	c5	FAAH2
1.39827184050303e-15	0.479776029817085	0.155	0.416	4.68952409867905e-11	c5	SFPQ
1.44465649439469e-15	0.266800746750935	0.072	0.264	4.8450889509009e-11	c5	CPSF6
1.53883005069637e-15	0.601515794254331	0.152	0.416	5.16092822402547e-11	c5	NAP1L4
1.58017508996232e-15	0.345237316090563	0.058	0.238	5.29959121671564e-11	c5	RAD23B
1.59788146722338e-15	0.520752606903096	0.105	0.325	5.35897486477377e-11	c5	CCDC12
1.71586002511303e-15	0.128839635338578	0.045	0.213	5.75465135222407e-11	c5	PSME3
2.0757641069286e-15	0.36111798325019	0.11	0.333	6.96169766181713e-11	c5	TMBIM1
2.47029701036053e-15	0.345904144336981	0.177	0.455	8.28488211334715e-11	c5	RAD21
2.51188763455829e-15	0.158205290059713	0.056	0.233	8.42436874878158e-11	c5	UBE2J1
2.59911873389281e-15	0.179766093767789	0.052	0.224	8.71692440972969e-11	c5	FXR1
2.74613357523859e-15	0.529449411293707	0.175	0.454	9.20998278463518e-11	c5	ACTR2
3.01561900149866e-15	0.127833983706754	0.047	0.216	1.01137830072262e-10	c5	KRCC1
3.14344233670218e-15	0.36246815917456	0.11	0.328	1.05424769088318e-10	c5	LRP10
3.47169708685276e-15	0.481024701476699	0.211	0.518	1.16433776898868e-10	c5	ATP1B3
3.63383869793312e-15	0.275999780356364	0.058	0.236	1.21871682251281e-10	c5	TUBA1A
3.73098371628206e-15	0.615326553194037	0.15	0.405	1.25129731876668e-10	c5	NDUFV1
3.78173972140654e-15	0.258983794872592	0.294	0.685	1.26831986776533e-10	c5	MSN
3.9321134132511e-15	0.392129814098273	0.065	0.249	1.31875219653615e-10	c5	CNOT7
3.97937013684958e-15	0.115743013450122	0.078	0.271	1.33460115649661e-10	c5	PCID2
4.59619629855922e-15	0.198788930778508	0.065	0.246	1.54147231461079e-10	c5	TMEM223
4.77448475623211e-15	0.168428024670563	0.038	0.198	1.60126669754513e-10	c5	ILKAP
4.86597362521936e-15	0.174847638254041	0.061	0.238	1.63195023442607e-10	c5	VPS51
4.91576181625714e-15	0.360735207518802	0.123	0.352	1.64864819793632e-10	c5	SPPL2A
4.98158899665634e-15	0.433350047807507	0.141	0.387	1.6707253176986e-10	c5	EIF4A2
5.04632899928949e-15	0.370800574234101	0.108	0.319	1.69243781978171e-10	c5	HLA-DRB5
5.15335787028786e-15	0.467126648331187	0.067	0.25	1.72833316253714e-10	c5	PSMD12
5.49277678465122e-15	0.611798321350572	0.108	0.325	1.84216747803633e-10	c5	ARHGEF1
5.55513649379468e-15	0.318995763604084	0.043	0.206	1.86308167728886e-10	c5	SBDS
5.64019278973689e-15	0.601322708854898	0.105	0.321	1.89160785782196e-10	c5	DCAF7
5.6635173810083e-15	0.326943579595202	0.126	0.355	1.89943045924256e-10	c5	PTGER2
5.9151399753654e-15	0.256326483886604	0.056	0.23	1.98381964493805e-10	c5	PTPRE
6.06431897264225e-15	3.38381529124339	0.159	0.065	2.03385129704476e-10	c5	TMEM131L
6.20494058618696e-15	0.294307358394713	0.058	0.233	2.08101297379538e-10	c5	FAM204A
6.35055698416322e-15	0.317014417801217	0.076	0.267	2.12984980134866e-10	c5	TRPV2
6.67173104864695e-15	0.3821157850914	0.07	0.253	2.23756515909521e-10	c5	EIF2AK1
7.57010824289594e-15	0.468660478286187	0.112	0.331	2.53886290250244e-10	c5	VSIR
8.0752583966927e-15	0.498509928902573	0.15	0.402	2.7082801610828e-10	c5	PRPF40A
8.67155486307967e-15	0.582286364803456	0.157	0.414	2.90826606997966e-10	c5	SRRM1
9.45242380832476e-15	2.34337547013032	0.422	0.368	3.17015389683596e-10	c5	RSRP1
9.77346895257839e-15	0.567892987780467	0.137	0.377	3.27782601731574e-10	c5	RBMX
1.06350162963788e-14	0.29407818839888	0.047	0.212	3.56677176547952e-10	c5	MALSU1
1.08294536807388e-14	0.514919700184087	0.076	0.263	3.63198217544618e-10	c5	YME1L1
1.15661567994676e-14	0.46294116580998	0.096	0.301	3.87905766740545e-10	c5	TSPAN14
1.27082752419641e-14	0.159775519640591	0.045	0.205	4.26210135064992e-10	c5	PREB
1.27780582286479e-14	0.295544588655809	0.056	0.227	4.28550516872394e-10	c5	GTF2E2
1.30631846408531e-14	0.431137219625548	0.081	0.272	4.3811308648493e-10	c5	TAOK3
1.33551500293567e-14	0.135564310741796	0.074	0.259	4.47905021684566e-10	c5	GLUD1
1.39440464863333e-14	0.495244916274838	0.242	0.579	4.67655431058645e-10	c5	XRCC5
1.41819055831854e-14	0.557374075614355	0.217	0.522	4.75632749448873e-10	c5	LEPROTL1
1.44786302155426e-14	0.792115302912955	0.135	0.37	4.85584300168866e-10	c5	CYBC1
1.46357477663355e-14	0.398728461222633	0.063	0.239	4.90853708587358e-10	c5	EXOSC1
1.50003096606827e-14	0.128806047584778	0.318	0.717	5.03080385399976e-10	c5	CD2
1.51610878701931e-14	0.556485893580388	0.108	0.318	5.08472564990538e-10	c5	SEPT2
1.77973877359299e-14	2.6981829250285	0.298	0.195	5.96888789887618e-10	c5	INPP4B
1.90215847884695e-14	0.58052866576643	0.206	0.503	6.37945910635692e-10	c5	HSPD1
2.02355784168505e-14	0.130130971930736	0.049	0.212	6.78660828944331e-10	c5	ZNF580
2.07428814959764e-14	0.18382970889383	0.04	0.196	6.95674759612056e-10	c5	WIPI2
2.17404122742224e-14	0.377632798610102	0.076	0.261	7.29129946852871e-10	c5	MCM3
2.2704995488738e-14	0.616480608808776	0.11	0.324	7.61480138701295e-10	c5	PDCD10
2.3002851339592e-14	0.460699778671235	0.101	0.307	7.71469628227236e-10	c5	TCP1
2.30164311585953e-14	0.162213348097534	0.054	0.221	7.71925068196968e-10	c5	CARD11
2.42002799666004e-14	0.341859332757909	0.067	0.244	8.11628989519843e-10	c5	TAF7
2.47981088381153e-14	0.513038861977521	0.126	0.349	8.31678974212711e-10	c5	DPP4
2.56142955360133e-14	0.416793855477966	0.078	0.263	8.59052243686814e-10	c5	ST8SIA4
2.61321516323219e-14	0.291125744439525	0.074	0.256	8.76420101444813e-10	c5	MRPL3
2.64818432969517e-14	0.117689424512087	0.058	0.226	8.88148060493166e-10	c5	GORASP2
2.73040748434767e-14	0.261130928903332	0.058	0.227	9.15724062100523e-10	c5	PRRC2A
2.7743854944094e-14	0.135971768376426	0.045	0.203	9.30473407115023e-10	c5	POU2F2
2.85441143306827e-14	0.509455358056969	0.087	0.281	9.57312506422435e-10	c5	RBMS1
3.21244524297755e-14	0.262654329269342	0.067	0.244	1.07738988558981e-09	c5	ANKRD10
3.59737154689642e-14	0.334733114938891	0.049	0.21	1.20648646939812e-09	c5	CARS
3.60691876475558e-14	0.295970954549519	0.049	0.211	1.20968841532372e-09	c5	C15orf40
3.60842912591418e-14	0.521234250626681	0.092	0.289	1.2101949602491e-09	c5	UHMK1
4.05058984336141e-14	0.587595743870387	0.139	0.37	1.35848682166655e-09	c5	KIF5B
4.40709051775341e-14	0.528969420111144	0.175	0.44	1.47805001784414e-09	c5	TLN1
4.47857060408133e-14	0.366895312238322	0.047	0.206	1.5020230091968e-09	c5	ETF1
4.86607678015584e-14	0.518314335824484	0.148	0.388	1.63198483052867e-09	c5	MESD
5.02712625926011e-14	0.346173612336048	0.074	0.254	1.68599760483066e-09	c5	CDC42EP3
5.04071934414043e-14	0.285584494246094	0.054	0.217	1.69055645363782e-09	c5	CMTM7
5.19202771112127e-14	0.287248186266684	0.047	0.205	1.74130225375585e-09	c5	ZNF655
5.3483994734126e-14	0.126474053423317	0.04	0.193	1.79374621539312e-09	c5	DDX23
5.35005470893737e-14	0.516733238852302	0.135	0.361	1.79430134828341e-09	c5	TMX1
5.73134413733733e-14	0.238012885649945	0.07	0.244	1.9221781967802e-09	c5	LPCAT4
5.83474719537477e-14	0.320973309044624	0.07	0.243	1.95685751438479e-09	c5	MPDU1
5.89930640634256e-14	0.318362106233798	0.087	0.278	1.97850938255917e-09	c5	RAB6A
6.14695234009783e-14	0.489165826587702	0.07	0.246	2.06156487582201e-09	c5	OLA1
6.22444500902981e-14	0.485504580623703	0.087	0.276	2.08755436712842e-09	c5	SYNCRIP
6.28722927612257e-14	0.241477155820062	0.065	0.236	2.10861095462599e-09	c5	CDIPT
6.50634554374156e-14	0.195723192024442	0.061	0.229	2.18209816846004e-09	c5	EAPP
7.24797112178888e-14	2.2724235183813	0.37	0.287	2.43082455482555e-09	c5	SYNE2
7.48190760144943e-14	0.326313442468818	0.078	0.261	2.50928217137411e-09	c5	STAU1
7.64057929916305e-14	0.427449359979578	0.197	0.477	2.5624974853533e-09	c5	XBP1
7.71871609744722e-14	0.518768573598417	0.094	0.288	2.58870300476185e-09	c5	GARS
7.84944280505936e-14	0.537315849018424	0.094	0.289	2.63254612796081e-09	c5	SMC3
7.8921921297423e-14	0.50885320576828	0.112	0.321	2.64688339647297e-09	c5	BAZ1B
7.952489210084e-14	2.85964198792504	0.289	0.188	2.66710583127797e-09	c5	PDE3B
7.98642377042281e-14	0.186444114129128	0.049	0.208	2.6784868041244e-09	c5	SMARCE1
8.30813542202491e-14	2.7924351465933	0.312	0.215	2.78638245783871e-09	c5	LNPEP
9.01519316147309e-14	0.25785206854292	0.081	0.263	3.02351548249485e-09	c5	HARS
9.12120788505318e-14	0.64755601012372	0.083	0.268	3.05907070048913e-09	c5	HNRNPLL
9.19486229260449e-14	0.223823771797115	0.036	0.183	3.08377291569370e-09	c5	HTRA2
9.21213900070438e-14	0.308115630926642	0.058	0.224	3.08956717805623e-09	c5	FKBP4
1.02264009484894e-13	0.353431400097359	0.04	0.191	3.42973035010438e-09	c5	PKN1
1.05412227546743e-13	0.2172335586817	0.052	0.21	3.53531528746267e-09	c5	SNAP23
1.09358562025527e-13	0.556898574243009	0.186	0.459	3.66766745321212e-09	c5	RPN2
1.17606313359221e-13	0.334933275362444	0.04	0.19	3.94428053744154e-09	c5	MTF2
1.18438030330667e-13	0.354420056493519	0.043	0.194	3.97217466122991e-09	c5	UBAP1
1.32535529630862e-13	0.183458552509835	0.054	0.214	4.44497659275984e-09	c5	ADAM8
1.33426976360333e-13	0.114351864588339	0.036	0.181	4.47487393317284e-09	c5	C21orf91
1.46502305495219e-13	0.610562311294427	0.143	0.376	4.91339432169864e-09	c5	OCIAD1
1.46849977557474e-13	0.45174688326586	0.135	0.357	4.92505454732257e-09	c5	RAB11FIP1
1.47126138544627e-13	0.339273073617111	0.087	0.271	4.93431643450969e-09	c5	SF3A1
1.57192766846606e-13	0.34102287678115	0.083	0.262	5.27193101450147e-09	c5	PRKCSH
1.62731654908596e-13	0.409011202021415	0.094	0.284	5.45769424232449e-09	c5	GPR108
1.81997049607944e-13	0.225761557909089	0.034	0.176	6.10381704975121e-09	c5	VPS26B
2.02580711144885e-13	0.482683079038583	0.161	0.405	6.79415189037717e-09	c5	ITGB7
2.10588755036385e-13	0.549484007776876	0.119	0.329	7.06272566641027e-09	c5	PSIP1
2.19782531484877e-13	3.11606336771752	0.137	0.053	7.37106654093982e-09	c5	ABLIM1
2.23710065088257e-13	0.382686223768766	0.047	0.199	7.50278816292996e-09	c5	PDHA1
2.37230567538815e-13	0.745771464557688	0.195	0.473	7.95623877411679e-09	c5	KIF2A
2.37743566126235e-13	0.576347145240465	0.087	0.273	7.97344372074169e-09	c5	GRSF1
2.41109869384432e-13	0.184499991480689	0.038	0.183	8.08634279941507e-09	c5	KAT2B
2.66049983499868e-13	0.331660440965578	0.054	0.211	8.92278434661859e-09	c5	SUDS3
2.73493292492868e-13	0.37605436572938	0.07	0.239	9.17241804362579e-09	c5	PIK3CD
2.88284686689816e-13	0.674329280562302	0.137	0.362	9.66849182220306e-09	c5	RAB10
2.90208966257225e-13	1.32718210135188	0.576	0.646	9.73302831033482e-09	c5	NEAT1
2.91591912924946e-13	0.412234630051407	0.07	0.238	9.77940957567682e-09	c5	DCTN1
3.25770938374251e-13	0.320314427616406	0.072	0.243	1.09257057311956e-08	c5	EIF2AK2
3.25836305629811e-13	0.24309304781036	0.054	0.21	1.09278980182126e-08	c5	HPCAL1
3.30528056527732e-13	0.471935048454769	0.054	0.211	1.10852499598271e-08	c5	U2AF2
3.39582708649766e-13	0.51807999818335	0.054	0.21	1.13889248826959e-08	c5	CHCHD3
3.80578154150811e-13	0.266502066632265	0.09	0.273	1.27638301339099e-08	c5	MX1
3.92191692018341e-13	0.118428650023119	0.04	0.185	1.31533249669111e-08	c5	LYRM2
3.93559940959413e-13	0.439992446032216	0.092	0.278	1.31992132998968e-08	c5	BNIP2
3.97040477809462e-13	0.60953202460301	0.119	0.326	1.33159435447737e-08	c5	ELF1
4.42242409629299e-13	0.50229586893874	0.092	0.276	1.48319259341474e-08	c5	NCOA4
4.8531331839128e-13	0.339209019074864	0.276	0.629	1.62764380722068e-08	c5	HNRNPA3
4.91763472976462e-13	0.572546966735138	0.067	0.232	1.64927633566846e-08	c5	CHTOP
5.06471010241954e-13	0.43887466299056	0.072	0.241	1.69860247414947e-08	c5	AP2B1
5.26550497963914e-13	0.224445634569309	0.045	0.192	1.76594506007138e-08	c5	PWP1
5.55254505622547e-13	0.772687328693706	0.139	0.364	1.8622125609569e-08	c5	DENND2D
5.8082473885678e-13	0.685452535833755	0.123	0.332	1.94797000917787e-08	c5	LSM14A
5.83826359827168e-13	0.660597792509478	0.121	0.326	1.95803684558836e-08	c5	EIF5B
5.99431295552244e-13	0.291021833694964	0.038	0.179	2.01037267902312e-08	c5	ECI2
6.10166984358468e-13	0.102353457050596	0.04	0.183	2.04637803214143e-08	c5	PRDX4
6.16348841632153e-13	0.122993353715641	0.043	0.188	2.06711074506591e-08	c5	WAC
6.37849597912204e-13	0.495000293112637	0.096	0.283	2.13921998147795e-08	c5	DARS
6.51765013982543e-13	0.560267852683897	0.072	0.239	2.18588950389465e-08	c5	TXNDC9
7.30667593426134e-13	0.539507412707748	0.22	0.513	2.45051297483257e-08	c5	EZR
7.65829844444587e-13	0.282242453499589	0.063	0.223	2.56844013229826e-08	c5	KIF22
7.7946009901446e-13	0.568571751056919	0.222	0.516	2.61415328007469e-08	c5	M6PR
8.3264085860051e-13	0.234809914503428	0.061	0.218	2.79251091157439e-08	c5	SLC39A1
8.58157146418306e-13	0.834019726544999	0.159	0.402	2.87808743765772e-08	c5	ZNF207
8.61575300766872e-13	0.489720052416955	0.076	0.247	2.88955124371194e-08	c5	DENR
8.62181648584838e-13	0.572317878678711	0.2	0.474	2.89158481302383e-08	c5	UBXN4
9.47400710228721e-13	0.102412911875169	0.036	0.174	3.17739250196508e-08	c5	TOMM40
9.55072727371311e-13	0.390944969500672	0.052	0.202	3.2031229130579e-08	c5	PANK2
9.62067285047833e-13	3.96090561876593	0.081	0.022	3.22658126059342e-08	c5	GGT7
1.09715006777559e-12	0.125758555830127	0.061	0.217	3.67962189730579e-08	c5	MAP7D1
1.13352301459399e-12	0.108434894367308	0.027	0.156	3.80160948634531e-08	c5	RWDD4
1.20708534156351e-12	0.144213682077189	0.047	0.193	4.04832281853571e-08	c5	MCM6
1.24779487374333e-12	0.315502731631517	0.043	0.185	4.18485444756037e-08	c5	ALDH9A1
1.2488244053097e-12	0.627895147282607	0.092	0.274	4.18830729052766e-08	c5	RAB14
1.26442411255956e-12	0.238409129978457	0.058	0.212	4.24062558870225e-08	c5	RNF145
1.33441006802105e-12	0.542542032544162	0.13	0.342	4.47534448612898e-08	c5	GRAP2
1.40769264382133e-12	0.60816167221845	0.083	0.257	4.72111958884799e-08	c5	ABI1
1.42802968788256e-12	0.155435094775193	0.061	0.217	4.78932596722053e-08	c5	CENPK
1.44128419799559e-12	0.663303692774118	0.076	0.245	4.8337789432376e-08	c5	ATG12
1.507215452262e-12	0.11312971600305	0.045	0.187	5.0548991837963e-08	c5	MRPS35
1.62711073780185e-12	0.494871120676515	0.054	0.204	5.45700399243986e-08	c5	HDAC2
1.85998482675558e-12	0.34648255233988	0.067	0.227	6.23801711197287e-08	c5	METTL23
1.86949975481557e-12	0.423439884069042	0.065	0.224	6.26992827770046e-08	c5	BCAP29
1.90789354049334e-12	0.475894319673311	0.076	0.244	6.39869335610658e-08	c5	CDC73
1.93698215412527e-12	0.379759260317303	0.04	0.179	6.49625074850534e-08	c5	TFG
1.95343223769921e-12	0.285380992816824	0.065	0.223	6.55142103879563e-08	c5	SYTL1
2.00034168797097e-12	0.791104164009357	0.141	0.364	6.70874595311703e-08	c5	PAPOLA
2.03634424003845e-12	0.268983324964647	0.052	0.198	6.82949131224095e-08	c5	DHX30
2.03698126433616e-12	0.443067494368204	0.067	0.225	6.8316277643306e-08	c5	CYB561D2
2.13489950372647e-12	0.421280850465157	0.067	0.226	7.16002595559783e-08	c5	UBA3
2.30127166702285e-12	0.160315403485584	0.058	0.209	7.71800491686123e-08	c5	KIAA0040
2.34927688826215e-12	0.19863223055865	0.04	0.177	7.87900482785359e-08	c5	DENND1C
2.4076102788462e-12	0.483922614909789	0.054	0.203	8.07464335319439e-08	c5	YIPF5
2.43102964840311e-12	4.43523736544532	0.045	0.007	8.15318723481435e-08	c5	APBA2
2.59226885626823e-12	0.50673402656845	0.085	0.257	8.6939512901524e-08	c5	PPP4R2
2.61255749825774e-12	0.11703763968012	0.038	0.174	8.7619953376568e-08	c5	CASP6
2.75593200893379e-12	0.188201775036764	0.04	0.178	9.24284477156216e-08	c5	STARD3NL
2.85519313581557e-12	0.564315168975756	0.092	0.269	9.57574673889828e-08	c5	REST
2.9297941950847e-12	0.365648043441397	0.043	0.181	9.82594377147505e-08	c5	HAUS4
3.09572917376839e-12	0.45683064699076	0.045	0.185	1.03824565029844e-07	c5	SMPD1
3.27235652099174e-12	0.383909988936413	0.072	0.231	1.09748293001021e-07	c5	MBD4
3.50371145365439e-12	0.62730120092123	0.074	0.236	1.17507474732661e-07	c5	RTF1
3.52077407932525e-12	0.240796670447453	0.067	0.223	1.1807972107241e-07	c5	TPST2
3.66134333736535e-12	0.613912318761398	0.092	0.269	1.22794132848559e-07	c5	MIER1
3.76874524026779e-12	0.787985977080583	0.11	0.302	1.26396177868101e-07	c5	SSB
3.80237156682812e-12	0.368786053028051	0.09	0.264	1.27523937608281e-07	c5	CD4
3.88860612447227e-12	0.628304781486326	0.096	0.277	1.30416072202551e-07	c5	EIF2S3
3.89349288746774e-12	0.317651152416402	0.049	0.193	1.30579964459893e-07	c5	GADD45B
3.94035561794887e-12	0.245754892107156	0.047	0.187	1.32151646714769e-07	c5	UBN1
3.95869059574894e-12	0.425310036093927	0.244	0.547	1.32766565200228e-07	c5	CCND2
4.65083482924668e-12	0.656837596805172	0.087	0.26	1.55979698503275e-07	c5	PSMC6
4.74984237637987e-12	0.501320836821083	0.146	0.362	1.59300213619028e-07	c5	SMC1A
4.8207800296349e-12	0.304216942893934	0.049	0.192	1.61679320633895e-07	c5	ARL8B
4.83075729325973e-12	0.303978781706274	0.061	0.212	1.62013938101345e-07	c5	SNX2
4.96035129152364e-12	0.392216010464465	0.045	0.184	1.6636026161512e-07	c5	PRPSAP1
4.99739085316475e-12	0.583434253191175	0.085	0.255	1.6760249443344e-07	c5	TMEM248
5.03348571072682e-12	0.284483582792453	0.056	0.202	1.68813043766356e-07	c5	CLPTM1
5.20054499188777e-12	2.90356555139311	0.217	0.124	1.74415877937932e-07	c5	SERINC5
5.34316436534114e-12	0.444063234284417	0.052	0.194	1.79199046484811e-07	c5	ZNF106
5.52999885121777e-12	0.502553958378643	0.054	0.199	1.85465101472142e-07	c5	POP5
5.53598848898400e-12	2.52783638408141	0.258	0.162	1.85665981943546e-07	c5	SESN3
5.5541466883651e-12	0.255535517079271	0.072	0.229	1.86274971634389e-07	c5	IMPDH2
5.6436444763271e-12	0.112641978184174	0.052	0.195	1.89276548447058e-07	c5	HEXB
5.65830164073794e-12	0.513236294734063	0.072	0.23	1.89768120427069e-07	c5	EIF2A
5.8234622725096e-12	0.607507623855354	0.096	0.274	1.95307277695427e-07	c5	IDS
6.04200145277922e-12	0.581660718144709	0.09	0.262	2.02636644723309e-07	c5	DCK
6.24102645350512e-12	0.462392772024179	0.065	0.218	2.09311545197655e-07	c5	OXCT1
7.15416546008397e-12	0.709851166216587	0.117	0.311	2.39936401200296e-07	c5	RSF1
7.38578599749025e-12	0.668363216030375	0.123	0.322	2.47704490783828e-07	c5	RASAL3
7.46757188886279e-12	0.468680588380954	0.043	0.178	2.5044742600868e-07	c5	MRPL42
7.47353055517538e-12	0.560207875158316	0.143	0.357	2.50647267759472e-07	c5	EIF4G1
7.7085393629103e-12	0.498314105232761	0.052	0.193	2.58528993153286e-07	c5	MAP4K2
7.82254391096014e-12	0.481116528057935	0.083	0.248	2.62352477685781e-07	c5	TM2D3
7.89269670622268e-12	0.572759790564403	0.126	0.326	2.64705262133296e-07	c5	CNPY3
8.00175908062405e-12	0.53219377682553	0.047	0.186	2.68362996045969e-07	c5	MFAP1
8.09507573798717e-12	0.545441739503939	0.119	0.311	2.71492650100614e-07	c5	PPT1
8.40790602282032e-12	0.561228471471977	0.076	0.237	2.81984352193348e-07	c5	MAF
8.53359612978704e-12	0.226451532596108	0.054	0.197	2.86199747000798e-07	c5	PPID
8.86626245974601e-12	0.179188587703796	0.047	0.185	2.97356710374962e-07	c5	ARRDC1
8.94796406469924e-12	0.388498554782724	0.045	0.181	3.00096818801883e-07	c5	PARVG
9.11482386355921e-12	0.190136390588674	0.029	0.153	3.05692962736049e-07	c5	AP1B1
9.3572980156657e-12	0.705628404444972	0.193	0.454	3.13825060849396e-07	c5	CAST
9.7771782614978e-12	0.387717723045856	0.092	0.264	3.27907004534113e-07	c5	FKBP11
1.00896399114857e-11	0.146982626308974	0.354	0.751	3.38386343351408e-07	c5	CD53
1.01465867426696e-11	0.531019609655675	0.058	0.204	3.40296226175654e-07	c5	STARD7
1.04060934994652e-11	0.624362266243699	0.123	0.318	3.48999563785062e-07	c5	ADGRE5
1.10909034918249e-11	0.613424049784604	0.074	0.232	3.71966721308824e-07	c5	SP140
1.24422653092617e-11	0.252158198132669	0.031	0.155	4.17288693942019e-07	c5	MRPL44
1.24603740549575e-11	2.06997848410186	0.453	0.467	4.17896025055165e-07	c5	MBNL1
1.34210171070448e-11	0.710564280779569	0.182	0.429	4.50114071736068e-07	c5	TNFAIP8
1.34619061000587e-11	0.33984256782408	0.052	0.191	4.51485406783768e-07	c5	FUBP1
1.38024907967098e-11	1.0601889582897	0.063	0.211	4.62907936340053e-07	c5	DCUN1D5
1.42379401393967e-11	0.594507159575218	0.11	0.294	4.77512036395086e-07	c5	BHLHE40
1.4562111034266e-11	0.624575204655616	0.09	0.259	4.88384079867213e-07	c5	HSPA4
1.50702523431941e-11	0.599002568212283	0.09	0.256	5.05426123086043e-07	c5	HDLBP
1.52269787711669e-11	0.135667837938351	0.034	0.159	5.10682414027396e-07	c5	PGRMC1
1.60172473025054e-11	0.357377058776713	0.04	0.17	5.37186440031428e-07	c5	TSN
1.67655734342072e-11	0.601601339130005	0.067	0.218	5.6228380183644e-07	c5	TROVE2
1.69053639321864e-11	0.280128782732388	0.052	0.19	5.66972095557669e-07	c5	RBBP6
1.70916959922834e-11	0.448363128642098	0.047	0.182	5.73221300189201e-07	c5	MAEA
1.77644093556742e-11	0.410193757711023	0.072	0.225	5.95782760970602e-07	c5	IQGAP2
1.77956666650486e-11	0.584717945434323	0.061	0.205	5.968310686124e-07	c5	PIGT
1.79802876700853e-11	0.404959412033479	0.074	0.228	6.03022887879321e-07	c5	ADD1
1.8867944361355e-11	0.507272009422062	0.067	0.217	6.32793117991125e-07	c5	NIPA2
2.07471483718202e-11	0.270643593756904	0.029	0.149	6.95817862094108e-07	c5	NAPRT
2.20685129136992e-11	0.189227263312723	0.029	0.149	7.40133786099642e-07	c5	ASNSD1
2.32801934623781e-11	0.599604573340631	0.074	0.229	7.80771128341237e-07	c5	SF3A3
2.34009589178838e-11	0.669005950916465	0.061	0.205	7.84821360187986e-07	c5	EXOSC8
2.37727309525652e-11	2.56142896438567	0.186	0.098	7.97289850687133e-07	c5	LEF1
2.44475164081631e-11	0.653794755195187	0.114	0.3	8.19920805296974e-07	c5	IVNS1ABP
2.48577450923566e-11	0.825678703989794	0.099	0.273	8.33679054907457e-07	c5	C19orf66
2.54865484727102e-11	0.155073031894468	0.027	0.143	8.54767862677756e-07	c5	ASPM
2.61253893701017e-11	0.439382928686493	0.049	0.184	8.7619330869447e-07	c5	OGDH
2.61921467214215e-11	0.376782325502331	0.047	0.181	8.78432216743033e-07	c5	COPG1
2.73065164991083e-11	0.485583992826909	0.058	0.2	9.15805950347093e-07	c5	VAMP4
2.82381659888863e-11	0.619456167070945	0.061	0.204	9.4705161093527e-07	c5	CASP3
2.91933545637767e-11	0.898707527863581	0.182	0.421	9.79086725359943e-07	c5	TCF25
3.19703276309433e-11	0.717026673423518	0.112	0.293	1.07222084808658e-06	c5	FAS
3.29026628343103e-11	0.524977961303743	0.083	0.241	1.1034895061371e-06	c5	C1GALT1C1
3.44700810987979e-11	0.527859025012893	0.052	0.187	1.15605757989149e-06	c5	UXS1
3.46142807853678e-11	0.612294364582524	0.052	0.188	1.16089374897966e-06	c5	FTSJ3
3.54436665065486e-11	0.751273050255651	0.128	0.323	1.18870968729663e-06	c5	ANAPC5
3.58115672717871e-11	0.849469900451735	0.15	0.364	1.20104834316119e-06	c5	CSNK1A1
3.58652511032514e-11	0.228490852799745	0.054	0.191	1.20284879150085e-06	c5	DNM2
3.61546504284851e-11	0.295955561857458	0.226	0.494	1.21255466607053e-06	c5	GIMAP4
3.62051926455338e-11	0.386540309016388	0.93	0.996	1.21424975094591e-06	c5	HLA-C
3.6744019215244e-11	0.348914258294072	0.043	0.171	1.23232091644085e-06	c5	TMEM70
3.71813125891712e-11	0.325586025834747	0.045	0.175	1.24698686161562e-06	c5	ACLY
3.77110219368216e-11	0.642543962119349	0.074	0.227	1.26475225371712e-06	c5	CEP57
3.99483525887341e-11	0.488164030763701	0.056	0.195	1.33978784912096e-06	c5	NGRN
4.0107491364426e-11	0.116574762828052	0.045	0.175	1.34512504538012e-06	c5	STAMBP
4.16882304782846e-11	0.459689005756399	0.085	0.244	1.39813987378071e-06	c5	ZFR
4.33578038363652e-11	0.373537966977695	0.045	0.175	1.45413402506402e-06	c5	LPCAT3
4.47405172182976e-11	0.525994729357399	0.043	0.171	1.50050746646727e-06	c5	AZIN1
4.49004225196337e-11	0.63318114031337	0.067	0.214	1.50587037046347e-06	c5	NELFCD
4.69792767973281e-11	0.659546926937587	0.159	0.376	1.57559098522879e-06	c5	PTDSS1
4.84828020732882e-11	0.563078870951448	0.052	0.186	1.62601621593394e-06	c5	BRD4
5.03926523593492e-11	0.682607714535431	0.09	0.254	1.69006877482785e-06	c5	XAF1
5.09114318757685e-11	0.855888546662362	0.085	0.245	1.70746760224952e-06	c5	PPHLN1
5.3554882846886e-11	0.639541777190248	0.076	0.227	1.79612366091886e-06	c5	TCIRG1
5.3657107649158e-11	0.13683296263526	0.031	0.15	1.79955207633746e-06	c5	PRR14
5.65253005530073e-11	3.288016277315	0.177	0.093	1.89574552994676e-06	c5	NFKBIZ
5.80266426964442e-11	0.400486057595302	0.054	0.189	1.94609754275335e-06	c5	CERS2
5.80612383146968e-11	0.759234653326751	0.166	0.387	1.9472578105983e-06	c5	SP100
5.80631304651561e-11	0.118153795316496	0.027	0.141	1.9473212695404e-06	c5	WDR55
5.87220485563321e-11	0.186691882043796	0.031	0.148	1.96942006448226e-06	c5	NCAPH
5.91304626018795e-11	0.671735927638797	0.09	0.252	1.98311745474184e-06	c5	WNK1
5.98185272415825e-11	0.502887574174697	0.078	0.232	2.00619376662819e-06	c5	VOPP1
6.03892366271687e-11	0.510367487111829	0.04	0.165	2.02533421800198e-06	c5	DNPEP
6.14222745147749e-11	0.701591600797915	0.087	0.248	2.05998024267652e-06	c5	PRPF6
6.24836162516408e-11	0.510517773868387	0.096	0.264	2.09557552184753e-06	c5	RCN2
6.39280244384345e-11	0.679830164145842	0.087	0.248	2.14401808361622e-06	c5	PMPCB
6.43333801357196e-11	0.36610824774385	0.054	0.188	2.15761290299176e-06	c5	PNPLA2
6.5856388037889e-11	0.294697467219056	0.025	0.136	2.20869154201472e-06	c5	AIMP2
6.5862257833077e-11	2.58208264379374	0.271	0.184	2.20888840320574e-06	c5	CD46
6.74803031873386e-11	0.427236037291928	0.049	0.181	2.26315440829696e-06	c5	ALG3
6.79036453764867e-11	0.131752398112102	0.038	0.161	2.27735245863661e-06	c5	ACTR10
6.87252047431611e-11	2.3389965097454	0.179	0.093	2.30490591667614e-06	c5	CD27
7.37716829054368e-11	0.575428416604273	0.067	0.212	2.47415470128254e-06	c5	C19orf25
7.61788403131309e-11	0.563010706579879	0.047	0.177	2.55488594642178e-06	c5	AHCY
7.78018516580383e-11	0.424147414647802	0.056	0.192	2.60931850090729e-06	c5	UNC45A
7.91947794327805e-11	0.821823060765708	0.121	0.304	2.65603451261659e-06	c5	SAMD9L
7.9213588873436e-11	0.918359967562684	0.152	0.363	2.6566653436373e-06	c5	PPP1R12A
8.27364271796879e-11	0.104455709844895	0.022	0.132	2.77481429475237e-06	c5	MAPK1
8.33609171930218e-11	0.569262628077196	0.121	0.304	2.79575844081957e-06	c5	ATP6AP2
8.43351306030927e-11	0.322040788354126	0.04	0.163	2.82843161016652e-06	c5	ERAL1
8.69644582386765e-11	0.463703628668598	0.258	0.562	2.91661400040873e-06	c5	SPN
8.81292622875592e-11	0.373023368993346	0.058	0.195	2.95567919860016e-06	c5	KRR1
8.85500941752077e-11	0.297571303171296	0.038	0.16	2.96979305844811e-06	c5	SEC22C
8.94715487228093e-11	0.619199079727266	0.067	0.21	3.00069680106558e-06	c5	UNC13D
9.01018976518679e-11	0.38461242332837	0.034	0.152	3.02183744344835e-06	c5	NDUFV3
9.45400366564772e-11	0.339141436207439	0.054	0.187	3.17068374938493e-06	c5	SMIM10L1
9.70395639835115e-11	0.127320094944534	0.027	0.139	3.25451289687901e-06	c5	EIPR1
9.88419566843384e-11	0.383386880848994	0.045	0.171	3.31496154327934e-06	c5	AP3D1
9.99432147818777e-11	0.450686449309572	0.063	0.203	3.35189553735461e-06	c5	AKIRIN1
1.06637371953201e-10	0.39733944312392	0.054	0.187	3.57640418056644e-06	c5	UCHL5
1.08318655458663e-10	0.594965009755643	0.054	0.187	3.63279106677264e-06	c5	PTPN11
1.0941671861482e-10	0.516576117252457	0.065	0.205	3.66961790890382e-06	c5	GNPTG
1.10033245457059e-10	0.249033853384063	0.036	0.155	3.69029498613885e-06	c5	MBOAT7
1.13128506672076e-10	0.594501895014504	0.123	0.305	3.79410385676808e-06	c5	RTN3
1.13547430573119e-10	0.851562274027116	0.123	0.308	3.80815372656128e-06	c5	TMEM165
1.13610631466906e-10	0.463992490476649	0.047	0.175	3.81027335813709e-06	c5	PPP2R3C
1.15567911773906e-10	0.3617770302602	0.047	0.174	3.87591662507327e-06	c5	DPF2
1.20621971804658e-10	0.547701367865823	0.045	0.171	4.04541969038461e-06	c5	FBXW2
1.21624020075669e-10	0.182964305385495	0.025	0.134	4.07902638529778e-06	c5	QRICH1
1.2184529335829e-10	0.352825183064339	0.099	0.262	4.08644744865032e-06	c5	KDM5B
1.28136186958644e-10	0.246288535485895	0.045	0.17	4.29743143821899e-06	c5	SEC23B
1.28442212696725e-10	0.608130726279229	0.078	0.228	4.30769492942277e-06	c5	EMC10
1.34871601691224e-10	0.804007457746357	0.166	0.385	4.52332377752026e-06	c5	ADD3
1.353847855978e-10	0.606776414849218	0.049	0.178	4.540534939379e-06	c5	MARCH5
1.37733004843241e-10	0.331488735340448	0.043	0.166	4.6192895164326e-06	c5	FAM120A
1.45734747191064e-10	0.215973315034022	0.036	0.154	4.8876519512939e-06	c5	CSTF1
1.45806158763999e-10	0.408577273722022	0.036	0.154	4.89004695262701e-06	c5	CEBPZOS
1.477640313732e-10	0.609113784403866	0.121	0.302	4.95571008419438e-06	c5	PDE4D
1.52093476722498e-10	4.68477448204032	0.022	0.002	5.10091102231914e-06	c5	AC233976.1
1.53810605845754e-10	0.429235259328139	0.085	0.237	5.1585000988549e-06	c5	GUSB
1.60660169186505e-10	0.595852275601784	0.094	0.256	5.38822075417699e-06	c5	AKNA
1.67681333762564e-10	0.551104912851273	0.271	0.589	5.62369657172887e-06	c5	EWSR1
1.71537098965578e-10	0.332972937971512	0.034	0.149	5.75301122510754e-06	c5	ATP2A2
1.71991978680436e-10	0.264686220902223	0.054	0.185	5.76826698098447e-06	c5	LIME1
1.73628758513746e-10	0.189935898392547	0.04	0.161	5.82316130303402e-06	c5	VTA1
1.7951555678901e-10	0.645380632834095	0.159	0.367	6.02059274358983e-06	c5	CFLAR
1.86890881750286e-10	0.473618402536224	0.04	0.161	6.26794639214109e-06	c5	DGKZ
1.88770572950903e-10	0.19164917866534	0.052	0.18	6.33098747562737e-06	c5	GIMAP2
1.95481970003914e-10	0.339058798872585	0.058	0.192	6.55607430999128e-06	c5	DDX27
1.96639698656765e-10	0.454676043366692	0.047	0.172	6.59490221355059e-06	c5	TMEM138
1.98311186760508e-10	0.566136406990136	0.175	0.394	6.65096058157391e-06	c5	PNRC1
2.06457278942727e-10	0.211309942789072	0.036	0.152	6.92416422118118e-06	c5	NCAPD2
2.10751663242965e-10	0.666821112792661	0.204	0.455	7.06818928184257e-06	c5	G3BP1
2.15764626017141e-10	0.534681338965488	0.087	0.243	7.23631402736289e-06	c5	TXNRD1
2.28975855936724e-10	0.107989678290236	0.034	0.147	7.67939225640585e-06	c5	HIF1AN
2.29806175575038e-10	0.841428066139996	0.112	0.286	7.70723951643562e-06	c5	HK1
2.39658835473024e-10	0.507230772878046	0.061	0.195	8.03767802409427e-06	c5	TDG
2.45356244899265e-10	0.548895635292519	0.065	0.203	8.22875774143155e-06	c5	NEK7
2.47641092180197e-10	0.212617257820936	0.031	0.143	8.30538694953944e-06	c5	RDX
2.53671643425158e-10	0.435820258285982	0.058	0.191	8.50763957719294e-06	c5	PPM1K
2.55908486752296e-10	0.186713018607679	0.027	0.135	8.5826588286985e-06	c5	BRD7
2.66399373390045e-10	0.363385840646775	0.034	0.147	8.93450218475532e-06	c5	NFKB1
3.00220289287686e-10	0.654106561681447	0.056	0.186	1.00687880621304e-05	c5	USP39
3.05118176464702e-10	0.549518614035325	0.076	0.22	1.02330534022732e-05	c5	ZNFX1
3.06173287288591e-10	0.615983859649893	0.047	0.171	1.02684397090848e-05	c5	CLK3
3.12906800228512e-10	0.493796093159082	0.049	0.174	1.04942682660638e-05	c5	NFE2L2
3.28536851353408e-10	0.877040595949011	0.137	0.327	1.10184689206906e-05	c5	HSPA9
3.2985098117012e-10	0.62332765720967	0.058	0.189	1.10625422064835e-05	c5	OAS2
3.41876192078459e-10	0.541121594188552	0.061	0.193	1.14658437299274e-05	c5	DCP2
3.44201199118957e-10	0.87767196602067	0.188	0.425	1.15438198160516e-05	c5	APBB1IP
3.68410521089602e-10	0.253173341859384	0.031	0.141	1.23557520563031e-05	c5	TRIM28
3.73764576774894e-10	0.326170083916246	0.047	0.169	1.25353163758764e-05	c5	LEPROT
3.7639010008899e-10	0.183443543944927	0.031	0.142	1.26233711767845e-05	c5	LEO1
3.83476514110482e-10	0.708280648524892	0.072	0.213	1.28610353302374e-05	c5	WDR77
3.90585416199632e-10	0.261610678595577	0.029	0.138	1.30994536885033e-05	c5	DPP9
3.9176790063271e-10	0.754987649795852	0.049	0.174	1.31391118514198e-05	c5	ACBD6
3.92560876602235e-10	0.445037027508319	0.049	0.172	1.31657066794858e-05	c5	CGAS
3.95588612472757e-10	0.187592014536873	0.036	0.15	1.32672508851113e-05	c5	RASSF7
3.96967571302103e-10	0.756364828654914	0.072	0.213	1.33134984063299e-05	c5	CREB1
3.99899483686682e-10	0.313900642161262	0.04	0.158	1.34118288838839e-05	c5	ARMC10
4.02560507674399e-10	0.105913356865863	0.034	0.146	1.3501074306384e-05	c5	RNPEP
4.07561820823288e-10	0.650319510603045	0.043	0.161	1.36688083467714e-05	c5	MCFD2
4.23171758482769e-10	0.997853496060468	0.123	0.303	1.41923344359951e-05	c5	BAZ1A
4.31225530862637e-10	0.130230639396207	0.029	0.136	1.44624418540711e-05	c5	TRMT6
4.32231320882411e-10	0.696427584920748	0.063	0.197	1.44961740397543e-05	c5	RAB5A
4.40508017260675e-10	0.804653299509201	0.161	0.373	1.47737578828885e-05	c5	SNRNP70
4.43227757610688e-10	0.221569729254761	0.036	0.149	1.48649725347472e-05	c5	TBCC
4.50368014301554e-10	0.323477448122178	0.038	0.153	1.51044424636455e-05	c5	PIGC
4.60772772608441e-10	0.759627706501936	0.072	0.211	1.54533972477419e-05	c5	BPTF
4.65313811796907e-10	0.171709988706631	0.031	0.14	1.56056946200447e-05	c5	CAAP1
4.73246056846696e-10	0.801553157344315	0.081	0.227	1.58717262545245e-05	c5	DCAF11
4.73655273562476e-10	1.8021196027885	0.383	0.336	1.58854505647383e-05	c5	TXNIP
4.77609058204671e-10	0.146732516358943	0.029	0.137	1.60180525940683e-05	c5	SETD3
4.91311847699028e-10	0.507810414133567	0.065	0.2	1.647761674813e-05	c5	EPSTI1
5.0237955858495e-10	0.597048616961385	0.063	0.196	1.6848805635822e-05	c5	API5
5.07613074364908e-10	0.282918981395506	0.045	0.165	1.70243272880503e-05	c5	MRPL45
5.08342584548594e-10	3.37569322849269	0.105	0.042	1.70487936005907e-05	c5	ZBTB20
5.1561874065153e-10	0.654951694913072	0.074	0.214	1.7292821323971e-05	c5	WDR33
5.19676019619517e-10	0.47659553198381	0.054	0.179	1.74288943459994e-05	c5	NCK1
5.2615294135536e-10	0.231731401600991	0.036	0.148	1.76461173471761e-05	c5	ERCC3
5.27116154126494e-10	0.567233581113574	0.047	0.168	1.76784215770943e-05	c5	DKC1
5.31394018540606e-10	0.897233619859457	0.112	0.281	1.78218925938149e-05	c5	FLI1
5.33966352244237e-10	0.656542799609126	0.043	0.16	1.79081635215672e-05	c5	ELAC2
5.37695123498314e-10	0.432807685879242	0.036	0.148	1.80332190518864e-05	c5	UBE2D1
5.44271775004834e-10	0.499252034533168	0.04	0.156	1.82537867901121e-05	c5	NAE1
5.53401702941946e-10	0.74169878353077	0.09	0.243	1.8559986313267e-05	c5	MGAT1
5.53854622278018e-10	0.226367582640414	0.04	0.156	1.85751763219602e-05	c5	C19orf12
5.6599036713524e-10	0.560028862642612	0.029	0.136	1.89821849329817e-05	c5	C1orf35
5.66378876651326e-10	3.45072707732747	0.067	0.02	1.89952147651322e-05	c5	FAM13A
5.76783930089905e-10	8.08249380641322	0.011	0	1.93441794473552e-05	c5	FCRL5
5.93345714766468e-10	0.464906083442768	0.052	0.175	1.98996285818378e-05	c5	ACTL6A
6.13781137984895e-10	0.896115404294156	0.195	0.431	2.05849918057374e-05	c5	HNRNPR
6.27309830010117e-10	1.99351002885044	0.437	0.453	2.10387170788793e-05	c5	FUS
6.33933314801794e-10	0.200114523512082	0.034	0.144	2.12608555118226e-05	c5	ARHGAP1
6.34379421564884e-10	0.802263493757206	0.184	0.408	2.12758170404431e-05	c5	NDFIP1
6.43998349190191e-10	0.778353735382126	0.103	0.264	2.15984166351406e-05	c5	TOX4
6.75353414608289e-10	0.312907438882591	0.038	0.151	2.26500028191328e-05	c5	FAM111A
6.91292956822011e-10	0.151764146649296	0.027	0.131	2.31845831858966e-05	c5	YIPF6
7.0290615726074e-10	0.253459288305866	0.047	0.167	2.35740667022107e-05	c5	AAGAB
7.06138777407621e-10	0.647955003662859	0.063	0.195	2.36824823166968e-05	c5	GRAMD1A
7.22355854260393e-10	0.233929521472128	0.031	0.139	2.42263706401851e-05	c5	CNP
7.35767401374839e-10	0.430547262307311	0.047	0.166	2.46761671073093e-05	c5	GRK6
8.05738824357891e-10	0.675488302863438	0.076	0.216	2.7022868691315e-05	c5	UBE3A
8.10605982032059e-10	0.450449813312459	0.056	0.181	2.71861034253912e-05	c5	EFCAB14
8.40712223903439e-10	0.604136517213973	0.038	0.15	2.81958065652735e-05	c5	TMEM263
8.64923950480506e-10	0.806200097885853	0.096	0.251	2.90078194512152e-05	c5	HNRNPH1
8.75792674481001e-10	0.340176961032518	0.047	0.165	2.93723347167438e-05	c5	NAGK
9.07454923595378e-10	0.598149502793558	0.141	0.329	3.04342232275418e-05	c5	TMPO
9.4577759945427e-10	0.797907689246416	0.078	0.221	3.17194891304973e-05	c5	CHORDC1
9.52348681404643e-10	0.293947323231644	0.025	0.126	3.19398700769489e-05	c5	MTFP1
9.5643929755436e-10	0.207435478239366	0.04	0.153	3.20770611613781e-05	c5	PLAA
9.63915206247534e-10	0.182453444130713	0.034	0.142	3.23277881871298e-05	c5	FARSB
9.86603973165425e-10	0.850412728381035	0.072	0.208	3.3088724052022e-05	c5	MRPS25
9.90504507310363e-10	0.160379475918599	0.034	0.142	3.32195401661749e-05	c5	KIAA1191
9.98111909750467e-10	0.838644813345541	0.072	0.209	3.34746772292111e-05	c5	VHL
1.06029675064972e-09	0.532096320110533	0.043	0.157	3.55602324232904e-05	c5	CKAP2
1.06834699661937e-09	0.620933709119415	0.065	0.195	3.58302215726203e-05	c5	SMAP2
1.10802607433884e-09	0.113082324825206	0.027	0.129	3.71609784811761e-05	c5	CHID1
1.17703599497822e-09	0.691295056380609	0.078	0.219	3.94754331995796e-05	c5	PRDM1
1.18850460253963e-09	0.363421899760946	0.063	0.192	3.98600673599741e-05	c5	TACC3
1.20309129825153e-09	0.722075639428998	0.065	0.196	4.03492759607597e-05	c5	TLK1
1.21529959882712e-09	0.582992393733317	0.072	0.207	4.07587179454638e-05	c5	RASGRP1
1.23115880774731e-09	0.65166777344648	0.078	0.218	4.12906040942292e-05	c5	USP14
1.29511494314496e-09	0.116816321924847	0.031	0.137	4.34355649631957e-05	c5	ABHD12
1.3111934675339e-09	0.587430340965776	0.07	0.203	4.39748065141518e-05	c5	IRF3
1.37542593335783e-09	0.604462042912039	0.085	0.229	4.61290349529547e-05	c5	MAST4
1.40128806260594e-09	0.348442653387581	0.038	0.148	4.69963990436781e-05	c5	WDR46
1.46354285265189e-09	0.193864526692564	0.027	0.128	4.90843001922391e-05	c5	UBA5
1.47727251170482e-09	0.220569240176547	0.034	0.14	4.95447654975563e-05	c5	POC1B
1.50146804632005e-09	0.638873616651576	0.085	0.229	5.03562353374819e-05	c5	MDM2
1.52211625642336e-09	4.00643790289711	0.049	0.012	5.10487350079267e-05	c5	ATXN7.1
1.55413992371404e-09	0.747951553745454	0.072	0.207	5.21227447615216e-05	c5	NUP50
1.61297594568447e-09	0.781237573976449	0.155	0.351	5.40959872663658e-05	c5	FGFR1OP2
1.65055675843563e-09	0.727587477874818	0.063	0.191	5.53563725644142e-05	c5	CDC40
1.68935524252453e-09	0.699966250341817	0.224	0.481	5.66575961237877e-05	c5	RPN1
1.71720506367705e-09	0.421040083966437	0.045	0.159	5.7591623425601e-05	c5	NCBP3
1.86945348015649e-09	0.398311240181996	0.04	0.151	6.26977308174885e-05	c5	YWHAG
1.93820213408636e-09	0.312838234543422	0.04	0.151	6.50034231729884e-05	c5	HSD17B11
2.00937187703171e-09	0.45045229046866	0.038	0.147	6.73903140118896e-05	c5	CDK9
2.13618673511403e-09	0.840957806805046	0.061	0.186	7.16434307222543e-05	c5	TFAM
2.13791334128341e-09	0.693538004940798	0.07	0.2	7.17013376399631e-05	c5	ERGIC2
2.18723802859858e-09	0.982701739201723	0.112	0.276	7.33555890031392e-05	c5	PSMA1
2.19502982673776e-09	0.754587167244291	0.09	0.235	7.36169103291309e-05	c5	POLR2A
2.19857262304684e-09	0.603823091652946	0.052	0.169	7.37357286317449e-05	c5	GMPS
2.20877290058609e-09	0.75429498150466	0.096	0.248	7.40778255398561e-05	c5	NBDY
2.32785445812354e-09	0.547954853862956	0.058	0.181	7.80715828165474e-05	c5	LINC00649
2.49114433482312e-09	0.49099192687056	0.038	0.145	8.35479987012979e-05	c5	HDAC8
2.50284576407142e-09	0.616926709272491	0.17	0.375	8.39404412354272e-05	c5	DIAPH1
2.54156055999747e-09	0.664330275014513	0.07	0.2	8.52388580611953e-05	c5	C12orf65
2.55968518260368e-09	0.746887247368061	0.195	0.421	8.58467216541621e-05	c5	EIF3A
2.60109353743312e-09	0.89165565020876	0.096	0.247	8.72354750584319e-05	c5	ARHGAP45
2.61219123051293e-09	3.20750207959605	0.108	0.045	8.76076694889426e-05	c5	ITGA6
2.61605605618627e-09	0.407369227501785	0.04	0.15	8.77372880123752e-05	c5	ATF1
2.65876040764299e-09	0.47365981596559	0.054	0.173	8.91695065515307e-05	c5	ACADM
2.70322771391567e-09	0.374748516379436	0.049	0.164	9.06608510693038e-05	c5	PTGES2
2.70357964514731e-09	0.488303885580119	0.036	0.142	9.06726541389506e-05	c5	DUSP12
2.74603645118495e-09	0.268648178125733	0.036	0.141	9.20965704998407e-05	c5	SOS1
2.8515451259804e-09	0.618748451975656	0.054	0.173	9.56351204351308e-05	c5	COMTD1
2.91339305206489e-09	0.883116749900324	0.139	0.319	9.77093761801524e-05	c5	CALCOCO2
2.91973243736572e-09	0.417145347029425	0.036	0.141	9.79219864843715e-05	c5	ZNF330
3.02962979272032e-09	0.229357679126476	0.038	0.145	0.000101607723988254	c5	SRP68
3.03821848386869e-09	0.16112438302712	0.029	0.129	0.000101895771511988	c5	FH
3.05097426895422e-09	0.319471788235571	0.04	0.149	0.000102323575032187	c5	PBX4
3.05249990920339e-09	0.216897091720146	0.025	0.121	0.000102374741954863	c5	XPNPEP1
3.25411341010862e-09	0.959209669748939	0.152	0.346	0.000109136455548223	c5	SFXN1
3.2727014521863e-09	0.915872659226996	0.132	0.306	0.000109759861303424	c5	SDHA
3.31122497324981e-09	0.113118195405635	0.029	0.128	0.000111051863152852	c5	VAMP7
3.31760352109254e-09	0.569541979256799	0.087	0.229	0.000111265786890402	c5	CHD4
3.37064648317869e-09	0.322865313098569	0.038	0.144	0.000113044741752847	c5	RABL6
3.44787367722946e-09	0.662151689747377	0.063	0.186	0.000115634787386921	c5	CSNK1D
3.49073850579832e-09	0.622522264452845	0.065	0.19	0.000117072388007464	c5	GMCL1
3.54348861585693e-09	0.860318620309685	0.07	0.198	0.00011884152119861	c5	AGGF1
3.6087685077879e-09	0.770715142015175	0.078	0.214	0.00012103087821419	c5	CHST11
3.6415929995874e-09	0.160290001106555	0.043	0.152	0.000122131746020162	c5	BNIP3L
3.64491864107995e-09	0.4599417563136	0.067	0.194	0.000122243281384539	c5	ZC3H13
3.84557922904619e-09	0.261462599662693	0.022	0.116	0.000128973036183751	c5	BARD1
3.87330769391912e-09	0.664356060762193	0.058	0.179	0.00012990299343866	c5	PML
4.01133645456932e-09	0.320371330310075	0.04	0.147	0.000134532202013346	c5	VAV1
4.05978991888255e-09	0.173671529049297	0.031	0.132	0.000136157234299483	c5	NOP16
4.14063097309047e-09	0.465918251889445	0.058	0.179	0.000138868481575508	c5	MYADM
4.16659288941568e-09	0.736954921133945	0.076	0.21	0.000139739192325223	c5	CCNH
4.28562184424746e-09	0.634749349031566	0.101	0.249	0.000143731185412371	c5	HUWE1
4.32155140687914e-09	0.397481501962217	0.036	0.14	0.000144936191083913	c5	DYNC1I2
4.36033753639736e-09	0.211690587161693	0.031	0.132	0.000146237000295695	c5	EIF2B4
4.50186918039605e-09	0.757583127088153	0.056	0.175	0.000150983688572123	c5	COQ10B
4.57115552692936e-09	0.372900011502718	0.081	0.214	0.000153307414062157	c5	CXCR3
4.5727742926948e-09	0.587374557274456	0.029	0.128	0.000153361704228398	c5	DDX49
4.79246167061548e-09	0.638257540403876	0.058	0.178	0.000160729579509102	c5	GNL1
4.8448685653761e-09	0.237397752835884	0.043	0.151	0.000162487201945584	c5	RARG
5.01716373660448e-09	0.22589215919218	0.152	0.336	0.000168265637398241	c5	HIST1H1E
5.39129046688237e-09	3.44100470722299	0.076	0.026	0.000180813099678301	c5	ZNF506
5.39963633593734e-09	0.587503623390159	0.067	0.192	0.000181093003434666	c5	BFAR
5.48003802235516e-09	0.102420837523612	0.018	0.107	0.000183789515193747	c5	PRKRA
5.57656452549344e-09	0.703811291166454	0.067	0.192	0.000187026821055999	c5	NCBP2
5.64975401853113e-09	0.527089629233054	0.045	0.154	0.000189481450273497	c5	PPP1CB
5.69076557754756e-09	0.188871605492126	0.034	0.133	0.00019085689593979	c5	RABEP1
5.7219887447011e-09	0.319373744022183	0.031	0.13	0.000191904058519786	c5	SPTY2D1
5.92468343943097e-09	0.481309021479139	0.043	0.15	0.000198702033191636	c5	EED
6.02240041216682e-09	0.952366604648468	0.155	0.345	0.000201979265023251	c5	ILF3
6.03022905847966e-09	0.424345303130411	0.047	0.158	0.000202241822163291	c5	DNASE2
6.03229403292208e-09	0.714981412326416	0.076	0.207	0.000202311077276141	c5	SRP54
6.35255271305516e-09	0.772307653150266	0.213	0.456	0.000213051912890444	c5	ZAP70
6.80970552571547e-09	0.130167825027368	0.018	0.106	0.000228383903921445	c5	TBC1D7
7.11163245962501e-09	0.667209870917031	0.054	0.169	0.000238509929430904	c5	FAM120AOS
7.14027620831795e-09	0.883446251799789	0.123	0.287	0.000239470583474568	c5	PTBP3
7.17315076671505e-09	0.775441098022233	0.11	0.264	0.000240573130414089	c5	U2SURP
7.20098699926148e-09	0.596734816026569	0.063	0.183	0.000241506701981232	c5	ARFGAP3
7.2938671838195e-09	0.6596361193104	0.043	0.149	0.000244621717610939	c5	CCNK
7.44268837520636e-09	0.128537975746515	0.036	0.137	0.000249612882727671	c5	UNC50
7.47128385582558e-09	0.317582958591795	0.036	0.137	0.000250571917956678	c5	APOL2
7.57008591244787e-09	0.621302120133665	0.054	0.168	0.000253885541331677	c5	NSD2
7.65276932564429e-09	0.13284592918467	0.025	0.117	0.000256658577643458	c5	NKAPD1
7.7622782113323e-09	0.618719115223648	0.061	0.18	0.000260331286651663	c5	GSPT1
7.84928930192031e-09	0.792794801534198	0.233	0.492	0.000263249464607803	c5	KMT2E
7.85259733515586e-09	0.784200340455768	0.217	0.458	0.000263360409426457	c5	THRAP3
7.87786410150081e-09	0.325483040811464	0.043	0.148	0.000264207806236134	c5	QARS
7.94120453560808e-09	0.701671487664201	0.061	0.179	0.000266332117715224	c5	LTA4H
8.22113387815351e-09	0.521956537427707	0.031	0.129	0.000275720388005512	c5	RFK
8.29864450244344e-09	0.978182649964553	0.099	0.245	0.000278319939322948	c5	NFATC3
8.37988838570931e-09	0.113815638549215	0.022	0.113	0.000281044696679919	c5	RCHY1
8.4025573978915e-09	0.710585186974075	0.123	0.286	0.000281804970010485	c5	COPB2
8.40560146554236e-09	0.130320902499369	0.018	0.105	0.00028190706195136	c5	KBTBD4
8.58857501978832e-09	1.0038914206291	0.063	0.184	0.000288043629013661	c5	LGALS8
8.80401527622631e-09	0.761100953829058	0.072	0.198	0.000295269064334078	c5	TCERG1
8.88970494281114e-09	0.539610954302664	0.036	0.137	0.000298142924372	c5	DCP1A
8.93570030249522e-09	0.550669591190143	0.038	0.141	0.000299685516745085	c5	DHX16
9.11690552090543e-09	0.280398103472991	0.034	0.133	0.000305762777360126	c5	CWC27
9.17914014043118e-09	0.733746928895158	0.105	0.254	0.000307850002029781	c5	EPRS
9.32520675396365e-09	0.841438613754378	0.074	0.201	0.000312748784114433	c5	WDR82
9.70895020632035e-09	0.51361509174873	0.036	0.136	0.000325618772019572	c5	RAB5B
9.71488258795545e-09	0.309594963884166	0.049	0.159	0.00032581773223485	c5	SMNDC1
9.72655414196933e-09	0.308051740814172	0.038	0.139	0.000326209172813367	c5	STX5
9.80289071263865e-09	0.654291402967339	0.049	0.16	0.000328769348720475	c5	ASCC2
9.86282365358015e-09	0.864153707195209	0.067	0.191	0.000330779379693771	c5	ACTN1
1.00971191758257e-08	2.84248183322744	0.2	0.125	0.000338637182918843	c5	GIMAP5
1.04010268314919e-08	0.358571198428322	0.025	0.116	0.000348829637874576	c5	TTF1
1.04312534268317e-08	0.990284072244811	0.087	0.225	0.000349843377429081	c5	RUNX3
1.05550802969108e-08	0.649218842237422	0.043	0.147	0.000353996282997794	c5	HAT1
1.05637942557578e-08	0.280720814430437	0.018	0.104	0.000354288531749605	c5	PIGP
1.06120361843811e-08	0.92167219300262	0.148	0.331	0.000355906469551772	c5	TAX1BP1
1.13646191571423e-08	3.35937096086223	0.034	0.006	0.000381146597292238	c5	TRAV23DV6
1.18211952161013e-08	0.506047457152842	0.058	0.173	0.000396459245157606	c5	SDR39U1
1.20358173863298e-08	0.141704605650627	0.016	0.099	0.000403657243502728	c5	TMEM107
1.20642526890415e-08	0.466000563809315	0.054	0.166	0.000404610906685074	c5	SRPRB
1.20756520449913e-08	0.547686514147895	0.056	0.17	0.000404993218284917	c5	MDFIC
1.22177020247442e-08	0.814822795296078	0.247	0.516	0.000409757290505872	c5	EIF4G2
1.23226967684596e-08	0.523546435671957	0.065	0.185	0.0004132786042206	c5	CTCF
1.23604809364e-08	0.57202982380596	0.078	0.207	0.000414545809644983	c5	ICOS
1.29592548522131e-08	0.123953900735697	0.022	0.111	0.000434627489233522	c5	STK25
1.33944196429553e-08	1.93172568787225	0.182	0.104	0.000449222045985436	c5	TCF7
1.34340422228051e-08	0.98457940931939	0.13	0.296	0.000450550908068437	c5	CYFIP2
1.3584494026742e-08	0.485056166382056	0.049	0.158	0.000455596760668874	c5	DCAF13
1.3801193841581e-08	0.338333590654439	0.029	0.123	0.000462864439058945	c5	PREP
1.38326402461978e-08	0.324928645183987	0.031	0.126	0.000463919088576982	c5	GRIPAP1
1.39791566599783e-08	0.935354164036961	0.146	0.323	0.000468832956062354	c5	IMMT
1.39979657668777e-08	0.453358113084602	0.081	0.21	0.000469463775889543	c5	HIST1H1B
1.41263468246772e-08	0.222985792708644	0.02	0.107	0.000473769419806023	c5	PUDP
1.42702442422981e-08	0.35644537270014	0.043	0.146	0.000478595451398194	c5	TGFBR1
1.43723681500788e-08	0.593690227478573	0.034	0.131	0.000482020483017343	c5	GRAMD1B
1.44490344627053e-08	0.974822559159665	0.087	0.223	0.000484591717810211	c5	VPS35
1.49041132715854e-08	0.253560499865566	0.036	0.134	0.000499854150902431	c5	MRPL19
1.50889115951475e-08	0.374542602008448	0.022	0.111	0.000506051917078056	c5	DNAJC21
1.51751400856617e-08	0.89871595324628	0.09	0.226	0.000508943848192922	c5	ARHGEF6
1.52576148972923e-08	0.865524131217027	0.058	0.173	0.000511709888425389	c5	RSRC1
1.59546465166612e-08	0.357381159875739	0.034	0.13	0.000535086934875785	c5	TDP2
1.60965565352254e-08	0.461362842680905	0.034	0.13	0.000539846313078389	c5	FASTK
1.61679415556836e-08	0.797321516472374	0.063	0.181	0.000542240423894517	c5	CCDC32
1.64047653575127e-08	0.141450005263502	0.031	0.126	0.000550183020560259	c5	RBM23
1.65954816670978e-08	0.675242528173132	0.076	0.203	0.000556579264151127	c5	MIS18BP1
1.68136945015773e-08	0.757061652752546	0.072	0.195	0.000563897686193899	c5	SINHCAF
1.69249568054799e-08	0.201297731544679	0.025	0.114	0.000567629201342185	c5	ARHGAP10
1.72393925498803e-08	0.38896121562872	0.047	0.151	0.000578174747337885	c5	SMARCA4
1.73699943059093e-08	4.43725158258977	0.022	0.003	0.000582554869031587	c5	MEGF6
1.83169267021403e-08	0.153750925556523	0.025	0.114	0.00061431308773638	c5	PRPS2
1.84899964766584e-08	0.750735632871087	0.078	0.206	0.000620117501834169	c5	FGD3
1.89398489844186e-08	0.364169877698312	0.054	0.163	0.00063520465523943	c5	MAGED2
1.89910572034881e-08	0.225713475444552	0.02	0.106	0.000636922076490583	c5	POLD3
1.90646030040978e-08	0.878481117275709	0.092	0.229	0.000639388655551432	c5	INPP5D
1.9119355723285e-08	0.814562767741721	0.056	0.168	0.000641224952247533	c5	GLOD4
1.94510779583931e-08	0.882446423488561	0.148	0.327	0.000652350252568587	c5	STK10
1.99329846210852e-08	0.529783606032781	0.036	0.133	0.000668512438221956	c5	DENND1B
2.00057451506767e-08	0.931251431597254	0.085	0.217	0.000670952680863394	c5	UBQLN1
2.025157553453e-08	0.795534921174011	0.092	0.228	0.000679197340277067	c5	ERP44
2.04360852567589e-08	0.544938210887617	0.038	0.136	0.000685385427341179	c5	RNF8
2.05209608016859e-08	0.201907308329719	0.031	0.125	0.000688231983366942	c5	CPSF2
2.05719922703059e-08	0.656823219163391	0.04	0.141	0.000689943476761518	c5	EFR3A
2.05843377141644e-08	0.866381771808889	0.067	0.186	0.000690357518257646	c5	ARHGEF2
2.08107254528529e-08	0.358233624633326	0.034	0.129	0.000697950110237781	c5	HIST1H2AC
2.12313888892228e-08	0.654058553341862	0.249	0.51	0.000712058320566754	c5	CD47
2.1335517535639e-08	0.678240261581266	0.047	0.152	0.000715550587110261	c5	SMAD2
2.14193411393434e-08	0.100961342628642	0.022	0.109	0.000718361863131298	c5	BLCAP
2.18737054601841e-08	0.640892392519042	0.049	0.156	0.000733600333723655	c5	PHKG2
2.2315547450015e-08	0.48983484162009	0.043	0.144	0.000748418830378603	c5	MGMT
2.28612523169932e-08	0.758760162331441	0.074	0.197	0.000766720680207319	c5	NT5C3A
2.30004472418097e-08	0.656796592311136	0.07	0.19	0.000771388999595815	c5	CARD8
2.31785561551793e-08	0.2006947285996	0.02	0.105	0.000777362416332402	c5	ELK1
2.33551605966542e-08	0.12707883653729	0.018	0.101	0.00078328537609059	c5	SNX4
2.37660701273702e-08	0.941344798094062	0.2	0.417	0.000797066459931742	c5	AC004687.1
2.43316187137898e-08	2.92529827305092	0.132	0.067	0.000816033828423081	c5	SLC16A7
2.44059337516428e-08	0.283860548804135	0.029	0.121	0.000818526206162597	c5	SBF1
2.47441717709268e-08	0.295341774841014	0.031	0.124	0.000829870032853342	c5	LRCH4
2.55036852404141e-08	0.461675320451792	0.027	0.117	0.000855342595593008	c5	TRAF3
2.55318975989496e-08	0.48722941803058	0.04	0.14	0.000856288781673571	c5	NSUN5
2.56427000673212e-08	0.848084534900243	0.143	0.314	0.000860004874857818	c5	SRRM2
2.6253486131073e-08	0.56734903177482	0.054	0.163	0.000880489417863925	c5	SH3BP5
2.68428260842114e-08	1.03823365284301	0.083	0.212	0.00090025470121228	c5	UFM1
2.72841522452582e-08	0.268397673150142	0.018	0.1	0.000915055898001469	c5	POLA2
2.75463650934537e-08	1.02243096305564	0.063	0.178	0.000923849992504249	c5	FAM192A
2.7738211105944e-08	0.620128628072982	0.063	0.177	0.000930284124071151	c5	SFT2D2
2.78145709827997e-08	0.479943039068476	0.022	0.108	0.000932845081621137	c5	DUSP22
2.84011149385951e-08	0.913510742701817	0.099	0.239	0.000952516592810602	c5	DEGS1
2.90817202747346e-08	0.282982756568272	0.02	0.104	0.000975342734574051	c5	SDHAF3
2.91280995763898e-08	0.306226308577705	0.027	0.116	0.000976898203592962	c5	CRKL
2.91573329964079e-08	0.155630963064918	0.018	0.1	0.000977878634033528	c5	LINC01184
3.08340543474988e-08	0.409447947258654	0.031	0.124	0.00103411251470642	c5	DESI2
3.10141812861061e-08	0.409891034390711	0.022	0.108	0.00104015361197343	c5	COPS7A
3.10761035696609e-08	0.346331919367695	0.022	0.108	0.00104223036151929	c5	VPS16
3.26402453950739e-08	0.444580713293563	0.047	0.15	0.00109468855005999	c5	SRSF8
3.34857655371326e-08	0.304477372473928	0.02	0.103	0.00112304560458435	c5	NADK
3.35583015028178e-08	0.822352125614307	0.108	0.252	0.0011254783158015	c5	SRRT
3.35872537607715e-08	0.593920211484043	0.031	0.123	0.00112644931662876	c5	TBC1D9B
3.43785711311641e-08	0.64766574325241	0.063	0.177	0.00115298851859698	c5	COA1
3.4699226217559e-08	0.851423920829527	0.161	0.344	0.00116374264888449	c5	SEC62
3.47813787932766e-08	0.355235751789926	0.04	0.138	0.00116649788196891	c5	B3GALT4
3.53333304099945e-08	0.601194108907995	0.056	0.165	0.0011850092352904	c5	ARID1A
3.56531877277178e-08	0.512581769306283	0.038	0.135	0.0011957366100122	c5	CFDP1
3.681011226408e-08	0.606574465977769	0.043	0.142	0.00123453754511271	c5	GTPBP4
3.72200594137995e-08	0.260054266640483	0.025	0.111	0.00124828635262001	c5	YIPF2
3.7255364881883e-08	0.654496869111328	0.067	0.184	0.00124947042740859	c5	CDK5RAP3
3.73319567771299e-08	0.839724580778373	0.09	0.222	0.00125203916639138	c5	FLII
3.91599185311118e-08	0.817562423236813	0.197	0.412	0.00131334534769643	c5	RORA
3.91719673417059e-08	0.574770691739552	0.043	0.141	0.00131374944070613	c5	TBC1D20
3.95452699327796e-08	0.269295126558363	0.04	0.138	0.00132626926300556	c5	SNHG15
4.04900597382663e-08	0.949974255582185	0.105	0.248	0.00135795562350198	c5	MAT2A
4.15208571004222e-08	0.374267713485646	0.027	0.115	0.00139252650543396	c5	AGK
4.16370156226441e-08	0.247519089231756	0.029	0.118	0.00139642222995224	c5	XAB2
4.34184092101665e-08	0.129930173507752	0.034	0.125	0.00145616660809056	c5	PGM1
4.39825179261091e-08	0.234167094386638	0.027	0.114	0.00147508568620585	c5	PGP
4.40722555509973e-08	0.880071811002248	0.126	0.281	0.00147809530666935	c5	SRSF1
4.51945883684493e-08	0.568778665014728	0.052	0.156	0.00151573610470105	c5	PARP4
4.53506168323367e-08	0.3613608663268	0.018	0.098	0.00152096898732291	c5	FAM50B
4.59230604387207e-08	0.800867717600176	0.052	0.156	0.00154016760099382	c5	SLU7
4.59268684492236e-08	0.580118302737743	0.047	0.149	0.00154029531405006	c5	LIX1L
4.65005198283267e-08	0.721863457979575	0.117	0.265	0.00155953443400242	c5	GNPTAB
4.6815287029868e-08	0.192575993585476	0.022	0.106	0.00157009109640771	c5	NOA1
4.89700725362067e-08	0.742497644601978	0.09	0.218	0.0016423582927193	c5	NUMA1
5.08321140918213e-08	0.337470522184754	0.027	0.114	0.0017048074424115	c5	HSDL2
5.12221097422701e-08	0.758734829278522	0.047	0.148	0.00171788711653625	c5	RMC1
5.16573004994296e-08	0.80859618073215	0.04	0.137	0.00173248254414987	c5	RMDN1
5.17112654574216e-08	0.255980389643563	0.029	0.117	0.001734292420911	c5	RMDN3
5.17614709959421e-08	0.134922481814658	0.034	0.124	0.00173597621426191	c5	SMYD2
5.18127799430251e-08	2.52657103562608	0.28	0.219	0.00173769701372918	c5	SLC38A2
5.25603370647244e-08	0.797316938791397	0.058	0.167	0.00176276858447673	c5	VPS26C
5.38834970199404e-08	0.376576110240607	0.022	0.105	0.00180714472305476	c5	MED21
5.45550523441516e-08	0.519371055448829	0.031	0.121	0.00182966734551816	c5	NUP54
5.46490316230838e-08	0.479748125010713	0.022	0.105	0.00183281922257498	c5	BLMH
5.50653564701251e-08	0.798164012926967	0.096	0.231	0.00184678192529506	c5	TRAF1
5.52177523923562e-08	0.785804674939886	0.052	0.156	0.00185189297973484	c5	SS18
5.53241375068236e-08	0.349951118160204	0.027	0.113	0.00185546092370385	c5	APTX
5.60792025164676e-08	0.78180056191097	0.049	0.152	0.00188078429399729	c5	CLIP1
5.71041361952195e-08	0.862208968317896	0.123	0.274	0.00191515851971527	c5	NUCB2
5.71770098477231e-08	0.568061324175807	0.04	0.136	0.00191760255627294	c5	MINDY2
5.72384356296357e-08	0.362655964474726	0.054	0.159	0.00191966265414672	c5	TNFSF14
5.77081292671086e-08	0.633671017615379	0.036	0.128	0.00193541523936029	c5	DHRSX
5.96901159232875e-08	1.04228050026866	0.132	0.294	0.00200188710783522	c5	MAX
5.97302593231249e-08	0.728768982538225	0.056	0.163	0.00200323343717896	c5	CUL4A
6.19224247111016e-08	0.631386230764185	0.038	0.132	0.00207675427996092	c5	H1FX
6.36978684768222e-08	0.850627011250533	0.186	0.387	0.00213629911297566	c5	KPNB1
6.45184020467902e-08	0.280218666738856	0.025	0.109	0.00216381816784525	c5	TIGAR
6.49897646951153e-08	0.386399507497995	0.025	0.109	0.00217962672834478	c5	TANGO2
6.53561185005433e-08	0.464604729834092	0.343	0.7	0.00219191350227122	c5	SEPT6
6.60811591158647e-08	0.699096111944085	0.043	0.14	0.00221622991442787	c5	KPNA6
6.64976663041964e-08	0.411621174095639	0.359	0.71	0.00223019873251014	c5	MYH9
6.6624831172666e-08	0.646082333385117	0.045	0.143	0.00223446358786887	c5	FBXL5
6.91052378119832e-08	0.21331741313276	0.029	0.116	0.00231765146573829	c5	DNAAF2
7.07193940820912e-08	0.469450963766323	0.038	0.132	0.00237178703872517	c5	CANT1
7.2116815796203e-08	0.536199002474662	0.045	0.143	0.00241865376817306	c5	NDUFS1
7.24115537050658e-08	0.800646711581836	0.067	0.181	0.0024285386881605	c5	FYTTD1
7.52421528980887e-08	0.384446950621273	0.038	0.132	0.0025234713238961	c5	SLC25A24
7.56434558042953e-08	0.885500308031609	0.076	0.195	0.00253693022076446	c5	WAPL
7.77560833169687e-08	0.405158062781114	0.027	0.112	0.0026077835222845	c5	XRCC1
8.12738256617351e-08	0.976085097636798	0.15	0.323	0.00272576156504327	c5	PPP1R2
8.23704891976839e-08	0.961446534568028	0.072	0.187	0.00276254146671192	c5	ECHDC1
8.28363677416284e-08	0.400703779978195	0.022	0.104	0.00277816610131873	c5	SCRN2
8.28848077272372e-08	0.431564744169332	0.047	0.145	0.00277979068155608	c5	ARL14EP
8.54480793588168e-08	0.131067556226408	0.013	0.087	0.002865757685536	c5	TSR3
8.56423366345495e-08	0.265590421976341	0.038	0.131	0.00287227268604952	c5	TBK1
8.70280629661405e-08	0.420406472489508	0.025	0.108	0.00291874717575842	c5	MAVS
8.82349229748364e-08	0.905998071904142	0.164	0.345	0.00295922284673006	c5	TMED5
8.99697854187319e-08	0.909908911458293	0.078	0.198	0.00301740666337343	c5	ARCN1
9.04128413251386e-08	0.764701551014585	0.054	0.157	0.0030322658723625	c5	CNDP2
9.1153573060913e-08	0.150986845203694	0.027	0.111	0.0030571085333169	c5	ZMYND8
9.22951160104202e-08	0.599923336063406	0.061	0.167	0.00309539360075747	c5	ATP2A3
9.42978351397099e-08	0.699077203338852	0.078	0.197	0.00316256079491559	c5	SUPT5H
9.58862904393968e-08	0.54352370230227	0.04	0.134	0.00321583440875649	c5	UPF2
9.62409401579541e-08	0.7859697131162	0.067	0.179	0.00322772865101746	c5	INTS10
9.8008394373876e-08	0.439572923602802	0.031	0.119	0.00328700553051105	c5	PIGS
9.84960965796583e-08	0.264353462700084	0.036	0.126	0.00330336208708858	c5	GFPT1
9.87517746319394e-08	0.1719487608854	0.018	0.095	0.00331193701760599	c5	HSCB
9.92249247216774e-08	0.843371623339709	0.099	0.23	0.00332780552531562	c5	COPA
1.01665042879926e-07	0.345587042069741	0.034	0.122	0.00340964220810697	c5	ASB1
1.0258294799661e-07	0.604387153935347	0.063	0.171	0.00344042690991031	c5	ANKRD11
1.02901283057454e-07	0.265109492036764	0.022	0.103	0.0034511032311809	c5	BOP1
1.03402295093463e-07	0.44390267705635	0.056	0.16	0.00346790617284455	c5	CCR6
1.03918233331491e-07	0.185743033350705	0.031	0.118	0.00348520970947153	c5	NOTCH2
1.0422224259635e-07	0.858256917782098	0.143	0.305	0.00349540557219637	c5	OS9
1.05709578792935e-07	0.551707943968165	0.054	0.156	0.00354528785355745	c5	LUZP1
1.06761152824665e-07	0.769254873450493	0.04	0.134	0.00358055554343361	c5	NADSYN1
1.08634851857975e-07	0.129939480306093	0.022	0.103	0.00364339566161276	c5	HDHD3
1.09118625600156e-07	0.384259908894121	0.036	0.126	0.00365962046537802	c5	SLC2A1
1.11725528371437e-07	0.50700881197416	0.036	0.126	0.00374705077052125	c5	TCHP
1.12582744417709e-07	0.132296329289887	0.02	0.098	0.00377580008228113	c5	BNIP3
1.13098681216342e-07	0.663302497316921	0.049	0.149	0.00379310357063369	c5	ME2
1.13413479097216e-07	0.577868139364422	0.04	0.134	0.00380366126196241	c5	ADIPOR2
1.21252582216981e-07	0.766966768417359	0.083	0.205	0.00406656910239311	c5	TPP1
1.21822596386673e-07	0.219927947837585	0.02	0.098	0.00408568623761624	c5	SGO2
1.22700055220562e-07	0.812665771670458	0.267	0.539	0.00411511445198721	c5	IRF1
1.22994381741826e-07	0.302762249385408	0.016	0.09	0.00412498557485738	c5	ERI3
1.23262932481154e-07	0.652413506741848	0.025	0.106	0.00413399222955294	c5	IMPA1
1.24828826848494e-07	0.735881507581676	0.117	0.26	0.0041865091948448	c5	GZMM
1.26705271063193e-07	0.222666394984921	0.043	0.135	0.00424944138091735	c5	DNAJB9
1.27441773666015e-07	0.782193910912784	0.052	0.152	0.0042741422052108	c5	CHMP7
1.37697737028251e-07	0.217238352250847	0.034	0.121	0.00461810670445348	c5	TSPOAP1-AS1
1.38136817403744e-07	0.802531845920848	0.103	0.237	0.00463283258208677	c5	ITGAL
1.38546359873353e-07	0.449316145983783	0.031	0.117	0.00464656781743252	c5	PSD4
1.3913863810248e-07	0.604760994300904	0.054	0.155	0.00466643164468097	c5	PLK3
1.39681850912197e-07	0.429970201980495	0.043	0.136	0.00468464991589325	c5	MPRIP
1.40098069582718e-07	0.145724651442515	0.013	0.085	0.00469860905766519	c5	THAP3
1.40370551780176e-07	0.577791009004569	0.04	0.132	0.00470774756560353	c5	RHOT2
1.41661594686288e-07	0.621634149083126	0.043	0.136	0.00475104656258874	c5	TIMMDC1
1.42493288215332e-07	0.918393622909662	0.07	0.181	0.00477893990016581	c5	TM2D1
1.4291602352869e-07	1.12635875721077	0.016	0.089	0.0047931175971052	c5	MZB1
1.44855689151275e-07	0.167212547062195	0.022	0.101	0.00485817010275546	c5	KIAA0391
1.45323295538892e-07	1.07435402926439	0.159	0.336	0.00487385268578336	c5	XRN2
1.46830369766199e-07	0.834061633667722	0.036	0.125	0.00492439694121879	c5	FBXO22
1.50890004570388e-07	0.79046888460795	0.204	0.414	0.00506054897328168	c5	DOCK8
1.52097670460654e-07	0.568951336835494	0.043	0.136	0.00510105167190941	c5	CHD1L
1.5230119745208e-07	0.541789141488565	0.056	0.158	0.00510787756014787	c5	CTNNB1
1.54889617558788e-07	0.611599028961347	0.052	0.151	0.00519468799368662	c5	PGS1
1.55389901538357e-07	0.694115731959701	0.058	0.162	0.00521146651779342	c5	UBTF
1.55427090652002e-07	1.02681206117785	0.173	0.357	0.00521271376628685	c5	KTN1
1.56534291118478e-07	0.399147535386308	0.045	0.139	0.00524984705553153	c5	MFSD1
1.57662255462194e-07	0.470718959691607	0.031	0.117	0.00528767672369106	c5	RINL
1.57952591764235e-07	0.586357597325703	0.04	0.132	0.0052974140225889	c5	RNPEPL1
1.59683811570764e-07	0.535948964773168	0.029	0.113	0.0053554756724603	c5	IFT20
1.62328642674723e-07	3.23157265239786	0.105	0.05	0.00544417801802484	c5	MAML2
1.66545706221351e-07	0.182101740648372	0.022	0.101	0.00558560989525167	c5	ZSWIM7
1.69836788839935e-07	0.34912094599333	0.058	0.161	0.00569598622411375	c5	DNAJA3
1.69876400791269e-07	3.6280638238576	0.07	0.026	0.00569731472973759	c5	ZBED6
1.71242401347886e-07	0.326291369722932	0.038	0.128	0.00574312765640539	c5	CCDC91
1.71691066914729e-07	0.490760023331339	0.038	0.128	0.00575817500218618	c5	NSMCE2
1.74229350395739e-07	0.420239297218002	0.034	0.12	0.00584330395357229	c5	ARFIP2
1.75697672458443e-07	0.199954522751278	0.018	0.093	0.00589254853891128	c5	ANAPC10
1.78077514972855e-07	0.579029135348459	0.15	0.312	0.0059723636971596	c5	ICAM2
1.79610503460008e-07	0.83228653317536	0.101	0.232	0.00602377706504174	c5	SUMF2
1.82213148674712e-07	4.50358830745667	0.034	0.007	0.00611106458025251	c5	ZNF540
1.8582394877591e-07	0.471186793512024	0.043	0.135	0.00623216359404646	c5	ARNTL
1.88849434986598e-07	0.346244605569068	0.018	0.092	0.00633363235058052	c5	PRPSAP2
1.90572481634842e-07	0.328682932654285	0.029	0.112	0.00639141988906933	c5	TIFA
1.9149196908723e-07	0.227431172213889	0.022	0.1	0.00642225765924753	c5	MON1B
1.91616915361863e-07	0.483542793884512	0.02	0.095	0.00642644810740615	c5	SIL1
1.91753495300828e-07	0.325757979834123	0.027	0.108	0.00643102872539918	c5	MAP3K7
1.9301241955531e-07	0.497096695195469	0.043	0.135	0.00647325052704597	c5	TOPBP1
1.93016890054049e-07	0.515474335593493	0.027	0.108	0.00647340045863268	c5	FBRS
1.93031678869027e-07	0.984191731459048	0.056	0.158	0.00647389644590941	c5	DHX29
1.93419216503285e-07	0.68183818029512	0.052	0.15	0.00648689368308718	c5	PDS5A
1.94695346714489e-07	0.206879220159854	0.043	0.134	0.00652969253811053	c5	AC243960.1
1.95422722847234e-07	0.520609118813967	0.038	0.127	0.00655408727885053	c5	RNF138
1.98249480901376e-07	0.253148929464137	0.02	0.096	0.00664889109047035	c5	SERPINB6
1.9916253859929e-07	0.705243250539437	0.04	0.13	0.00667951321954299	c5	PICALM
2.02566057385444e-07	0.181348754190664	0.018	0.092	0.00679366043259303	c5	KLHL7
2.03611297935156e-07	0.617218576649469	0.036	0.123	0.00682871571014928	c5	RBM10
2.03680816770215e-07	0.231846429019627	0.016	0.088	0.00683104723283947	c5	PPP3CB
2.04519640252581e-07	0.619800482085577	0.065	0.171	0.00685917969479106	c5	SEC31A
2.05507924590862e-07	0.818110915226519	0.065	0.172	0.00689232477492834	c5	SLC4A1AP
2.08217201971709e-07	1.20259902202347	0.078	0.195	0.00698318851972718	c5	CXorf38
2.10984760415277e-07	0.70082326701914	0.047	0.142	0.00707600689480757	c5	ARMC1
2.11995200242613e-07	0.549808562304528	0.049	0.146	0.00710989502573674	c5	CCDC137
2.12620695984424e-07	0.815057298450402	0.063	0.168	0.00713087290192562	c5	PRKX
2.13403691770158e-07	0.859301593139709	0.078	0.194	0.00715713301458757	c5	YTHDC1
2.14689698545252e-07	0.773553191236898	0.195	0.392	0.00720026310981066	c5	CTSA
2.15237446649117e-07	1.15679671781566	0.137	0.294	0.00721863348571809	c5	ACAP2
2.18968800675485e-07	0.75242432892075	0.047	0.141	0.00734377563705442	c5	PI4KB
2.20083986829944e-07	1.06309399367926	0.078	0.194	0.00738117675030266	c5	HNRNPL
2.2281329058103e-07	0.888146317349177	0.177	0.364	0.0074727121395066	c5	KLF6
2.24551425317105e-07	0.744474919438286	0.029	0.111	0.00753100570228505	c5	BLOC1S6
2.24700391372338e-07	0.316355588536277	0.045	0.138	0.00753600172584549	c5	LYST
2.24770251880827e-07	2.33334549898625	0.33	0.302	0.00753834470757919	c5	N4BP2L2
2.28050875772754e-07	3.21117118434962	0.103	0.049	0.00764837027166664	c5	PARP11
2.328467121498e-07	0.830022167151727	0.054	0.153	0.00780921303208	c5	ZFAND3
2.39021098378378e-07	0.717614918177943	0.224	0.442	0.00801628959741404	c5	SAT1
2.39825964106836e-07	0.389111404745542	0.029	0.111	0.00804328318421506	c5	RPTOR
2.42802472073075e-07	0.862344010702451	0.083	0.2	0.00814310930838678	c5	PHYKPL
2.45278727009754e-07	0.505324927322086	0.02	0.095	0.00822615794645312	c5	GABPB1
2.46028373952542e-07	0.454905723592269	0.025	0.103	0.00825129960562035	c5	SRSF6
2.54894392599731e-07	0.405316300826655	0.029	0.111	0.00854864813900979	c5	RFFL
2.55586233792338e-07	0.198263221910191	0.022	0.099	0.00857185110892744	c5	OGG1
2.5576113963282e-07	0.696632897538914	0.07	0.176	0.00857771710100553	c5	IKBIP
2.61646337118271e-07	0.870885013846306	0.143	0.301	0.00877509485427256	c5	ADAM19
2.62699051506293e-07	0.779430430275748	0.047	0.141	0.00881040078941806	c5	DDX56
2.64219336341484e-07	0.816489193842448	0.078	0.193	0.0088613881022207	c5	MAN1A2
2.68074023909982e-07	0.667968756719906	0.056	0.155	0.00899066661389297	c5	DNAJB12
2.72144264258336e-07	0.434442139104786	0.029	0.11	0.00912717433469609	c5	TBC1D17
2.74755578293319e-07	0.604855266747502	0.074	0.184	0.00921475258480132	c5	STT3A
2.74840769894823e-07	0.651505820017498	0.052	0.148	0.00921760974073257	c5	EXOSC10
2.7629406551075e-07	0.606146364547873	0.063	0.167	0.00926635036909953	c5	PPP2R2A
2.83805188084301e-07	0.646541547014947	0.038	0.126	0.0095182583979713	c5	R3HDM1
2.93577212958365e-07	0.849817270712912	0.052	0.148	0.00984599256819766	c5	HCFC1
2.97127431959516e-07	0.622981313763772	0.087	0.207	0.00996505981305824	c5	NR3C1
3.04674243009381e-07	0.279901724847518	0.02	0.094	0.0102181647620486	c5	SNX12
3.10817755098144e-07	0.357448236400153	0.029	0.11	0.0104242058704815	c5	GSKIP
3.14501717721974e-07	0.262246837063789	0.016	0.086	0.0105477586089596	c5	NTHL1
3.20393837981901e-07	0.246623330081336	0.036	0.12	0.010745368538237	c5	PABPC4
3.27130492610157e-07	0.224985185003635	0.036	0.12	0.0109713024611594	c5	NDUFAF4
3.32682652926768e-07	0.930058443159649	0.052	0.148	0.0111575108138579	c5	NUPL2
3.3409506825422e-07	0.761774209022651	0.052	0.147	0.01120488039911	c5	LRIF1
3.34643015495649e-07	0.163960050602458	0.022	0.098	0.0112232574536931	c5	SEC23IP
3.46633431326889e-07	0.177282812884978	0.009	0.073	0.0116253920198412	c5	QRSL1
3.47963621786554e-07	0.532498389090338	0.038	0.125	0.0116700039474775	c5	TBC1D10A
3.54353532703174e-07	0.87716317541224	0.063	0.166	0.011884308779799	c5	IWS1
3.54369267520388e-07	0.891846535023466	0.067	0.173	0.0118848364940988	c5	MAN2B1
3.55073921695986e-07	0.380740668325507	0.029	0.109	0.01190846918584	c5	RNF41
3.58036741896267e-07	0.552316581666743	0.034	0.117	0.012007836249717	c5	EIF4G3
3.66328588166812e-07	0.685129032502352	0.058	0.158	0.0122859281899386	c5	NOLC1
3.85165975907966e-07	0.757987763135557	0.047	0.139	0.0129176965000014	c5	PLRG1
3.87721927812784e-07	0.486555766154477	0.076	0.186	0.0130034180149852	c5	IKZF3
4.03645363389938e-07	0.786581980075506	0.047	0.139	0.0135374581973717	c5	PPA2
4.04627712394022e-07	0.259981902858149	0.031	0.113	0.0135704042182707	c5	CD300A
4.08638763205285e-07	0.830218706634032	0.112	0.245	0.0137049268403788	c5	LAPTM4A
4.09442862166004e-07	0.356097488933302	0.02	0.093	0.0137318947113234	c5	ODC1
4.09981341107137e-07	0.82739427956808	0.052	0.146	0.0137499542180512	c5	NKAP
4.17409141721388e-07	1.06798809189159	0.063	0.165	0.0139990677950519	c5	SEC22B
4.1873809136127e-07	0.103950919072514	0.027	0.105	0.0140436381080743	c5	ACTR8
4.20591580370977e-07	0.741219471993194	0.072	0.179	0.0141058004224818	c5	ADK
4.2360782641217e-07	0.473433592368392	0.047	0.139	0.0142069592822113	c5	POLDIP3
4.27450474463638e-07	0.561687105520054	0.072	0.179	0.0143358340125615	c5	SLC44A2
4.27834049305461e-07	0.653881033936879	0.058	0.157	0.0143486983456065	c5	TUBGCP2
4.28168202488334e-07	0.273034086005402	0.043	0.131	0.0143599051750538	c5	XPA
4.37105408042843e-07	3.46008690029533	0.047	0.014	0.0146596411749409	c5	EDA
4.39935727245865e-07	0.455226912143977	0.034	0.116	0.0147545644203718	c5	USP5
4.45214573545772e-07	0.577501292796438	0.117	0.248	0.0149316063675781	c5	CTSL
4.45906110890663e-07	0.902431642473043	0.112	0.245	0.0149547991470511	c5	DNTTIP2
4.76587824377926e-07	0.779783062895287	0.038	0.123	0.0159838024539869	c5	RNF6
4.803890795541e-07	0.473100186273649	0.287	0.551	0.0161112889500854	c5	AHNAK
4.80961067004294e-07	0.69719792886874	0.052	0.146	0.01613047226519	c5	TOB1
4.8600279109592e-07	0.114714437941829	0.02	0.092	0.016299561607775	c5	P2RX4
4.89856376942256e-07	0.759024556311115	0.047	0.138	0.0164288031698894	c5	ARPC4
4.99229462197742e-07	0.448142594911789	0.027	0.104	0.0167431577031879	c5	ZRSR2
5.05052395214349e-07	0.876777082669584	0.065	0.168	0.0169384472306989	c5	CCDC88C
5.07117768168771e-07	0.895766243539396	0.114	0.25	0.0170077157088442	c5	SMARCC2
5.09796982368842e-07	0.822654272736596	0.052	0.146	0.0170975711946862	c5	MAPRE2
5.12880648762619e-07	1.09912198379691	0.067	0.172	0.0172009911982007	c5	HERPUD2
5.14489194730342e-07	0.678814006579799	0.036	0.119	0.0172549386128662	c5	AFG3L2
5.18213869220774e-07	1.13073398942913	0.139	0.292	0.0173798567459263	c5	MRPS5
5.23588986626578e-07	0.935299875272375	0.099	0.221	0.0175601274334822	c5	DNAJC3
5.2429619501399e-07	0.443775892982856	0.038	0.123	0.0175838457883792	c5	MYO9B
5.27078995031378e-07	1.01192653216858	0.07	0.174	0.0176771753353624	c5	JKAMP
5.29988908629217e-07	0.910699760665052	0.184	0.371	0.0177747680176067	c5	GPRIN3
5.31181794677815e-07	0.282869958803231	0.027	0.104	0.0178147750299046	c5	ABTB1
5.37738719093533e-07	0.787916568270402	0.074	0.182	0.0180346811609589	c5	FYN
5.45400305771436e-07	0.646763804089669	0.036	0.119	0.0182916354549624	c5	GTF2F2
5.49580430914902e-07	0.5657634221911	0.038	0.122	0.018431828492024	c5	CIR1
5.59001658922347e-07	0.736877069458634	0.061	0.159	0.0187477976369377	c5	ANKRD17
5.7155861866838e-07	0.51976541706014	0.02	0.092	0.0191689329529001	c5	WRAP53
5.72401294176546e-07	0.964798182459273	0.054	0.149	0.019197194604093	c5	EHMT1
5.74917080259458e-07	0.429979801142614	0.04	0.126	0.0192815690377417	c5	UTP18
5.75785204931957e-07	0.33842446353269	0.02	0.091	0.019310684203008	c5	SLK
5.79341299961564e-07	0.266423739289626	0.043	0.129	0.0194299485181109	c5	DPAGT1
5.83105245383235e-07	0.115188306892609	0.018	0.088	0.0195561837196629	c5	PRIM1
6.05178203717871e-07	2.91564304939691	0.157	0.095	0.0202964665962899	c5	GPR174
6.08395807822975e-07	0.257273074148918	0.02	0.091	0.0204043786027669	c5	ST6GALNAC4
6.0864751255177e-07	0.915054351030322	0.058	0.156	0.0204128202759613	c5	GNPAT
6.13167845126219e-07	0.995606191960418	0.121	0.261	0.0205644231898431	c5	NSD1
6.17526728500542e-07	0.565972210712645	0.043	0.129	0.0207106114204512	c5	MMP25-AS1
6.17958972364554e-07	0.476714707933257	0.027	0.103	0.0207251080151624	c5	AP5M1
6.19451908673376e-07	0.963889104773571	0.085	0.2	0.0207751781130877	c5	USP4
6.22504610056261e-07	0.968834968770605	0.063	0.163	0.0208775596120669	c5	CKAP5
6.23546568700467e-07	0.784469218542319	0.052	0.145	0.0209125048210763	c5	ZDHHC6
6.52083386923676e-07	0.782986770946153	0.04	0.126	0.0218695726306463	c5	MED19
6.5514859584623e-07	0.832841795359523	0.043	0.129	0.0219723736074908	c5	UBLCP1
6.65999257166556e-07	0.784422256430882	0.045	0.133	0.022336283086852	c5	RPS6KA3
6.67712987043601e-07	0.198821275120967	0.018	0.087	0.0223937581594683	c5	MED16
6.70693431524236e-07	0.765484808225132	0.029	0.107	0.0224937163064598	c5	CEP63
6.81676417512668e-07	1.02165205909261	0.054	0.148	0.0228620636905399	c5	PSPC1
6.87525160434803e-07	0.380355870998612	0.029	0.106	0.0230582188306624	c5	DCAF6
6.90869310436934e-07	0.504883061378725	0.038	0.122	0.0231703749334339	c5	HDAC7
6.98036584063048e-07	0.303818277691788	0.02	0.091	0.0234107509563065	c5	HDGFL2
6.99818888696492e-07	0.719810132965974	0.04	0.125	0.023470525889103	c5	RARS
7.05116419351219e-07	0.377221348983288	0.029	0.106	0.0236481944722012	c5	MICAL1
7.19069753771815e-07	0.522585331027288	0.036	0.117	0.0241161614019991	c5	KIF21B
7.31017632122733e-07	1.00007649369105	0.061	0.159	0.0245168693461322	c5	ISG20L2
7.32815346957901e-07	0.416052453217211	0.029	0.106	0.0245771611062741	c5	ODF2
7.4492808834116e-07	0.762481471244448	0.043	0.129	0.0249833982267858	c5	LINC00667
7.50661563815664e-07	0.739764918703876	0.036	0.117	0.0251756875272497	c5	KATNA1
7.50918504988552e-07	0.785204447010623	0.11	0.238	0.0251843048203061	c5	ITM2A
7.51374645209921e-07	0.393672832401855	0.029	0.106	0.0251996028510503	c5	AIDA
7.60070533379814e-07	0.7714385715921	0.036	0.117	0.0254912455484922	c5	RNF157
7.6717100811159e-07	0.157968539715047	0.031	0.11	0.0257293812700465	c5	CYTH4
7.86630693698005e-07	0.239736595240168	0.025	0.098	0.0263820202052437	c5	THOC5
8.02467544597168e-07	0.989065806021352	0.152	0.31	0.0269131565106998	c5	SNRNP200
8.04231705630709e-07	0.26688177531362	0.02	0.09	0.0269723229434427	c5	RNF40
8.15764312756008e-07	0.779447484787249	0.045	0.132	0.027359103521211	c5	NOC2L
8.45362981742577e-07	0.623519627073059	0.038	0.121	0.0283517836816825	c5	RABGGTB
8.65474863785055e-07	0.420764524194465	0.02	0.09	0.0290262959816232	c5	GK5
8.91028345678981e-07	0.839192796821713	0.078	0.187	0.0298833086573817	c5	ASXL1
9.17652221275943e-07	0.760651639234629	0.045	0.131	0.0307762201971526	c5	IBTK
9.32000220420651e-07	0.737022501961682	0.036	0.117	0.0312574233924678	c5	PDPK1
9.37207357845084e-07	0.906579117991532	0.058	0.154	0.0314320603674084	c5	ELK3
9.44032790406299e-07	0.371177739110613	0.233	0.433	0.0316609717246464	c5	TIMP1
9.6643107559373e-07	0.60264577614703	0.087	0.201	0.0324121654132625	c5	TAGAP
9.66993988948129e-07	0.609952478088747	0.04	0.124	0.0324310444013423	c5	TMEM35B
9.69554482208605e-07	0.64364962214856	0.038	0.12	0.0325169182243122	c5	SEC24C
9.72244712327712e-07	0.469150334849893	0.029	0.105	0.0326071431620468	c5	BRCC3
9.81595704378566e-07	0.882144471470908	0.054	0.146	0.0329207567334483	c5	TTC9C
9.85933241477145e-07	0.684484818757984	0.047	0.135	0.0330662290526605	c5	ANKH
9.85978971646121e-07	0.572412879839908	0.031	0.109	0.0330677627510676	c5	MTRF1L
9.88055213130903e-07	0.807969549793787	0.067	0.168	0.0331373957379842	c5	CCSER2
9.91636047998315e-07	0.863185318341259	0.045	0.131	0.0332574897777675	c5	OAS3
1.00725828452172e-06	0.71632267880537	0.043	0.127	0.0337814283462895	c5	NCAPD3
1.02900504184831e-06	0.251323078581079	0.025	0.097	0.0345107710935088	c5	PACSIN2
1.04629868639686e-06	0.808871349376909	0.108	0.233	0.0350907653443777	c5	MKRN1
1.05042906503196e-06	0.303521627603606	0.027	0.101	0.0352292899830418	c5	SLAIN2
1.05854552209026e-06	0.888727686931472	0.092	0.207	0.0355014997198631	c5	TRIP12
1.06370012732152e-06	0.918533770618786	0.063	0.16	0.035674374870109	c5	SPTLC2
1.09235882055353e-06	0.443077728760921	0.034	0.112	0.0366355301237243	c5	VEZF1
1.09382708404242e-06	0.709607343312533	0.038	0.12	0.0366847727446146	c5	NSUN2
1.11024269751648e-06	0.578907409324027	0.04	0.123	0.0372353195893077	c5	TM7SF3
1.13143375386079e-06	1.17117377507206	0.076	0.182	0.0379460252369831	c5	ADSS
1.15683202463548e-06	0.930623778772315	0.099	0.218	0.0387978324422247	c5	TMF1
1.15983679155822e-06	0.249203976647692	0.027	0.1	0.0388986063152795	c5	STK26
1.17033932490289e-06	0.235257193957926	0.018	0.085	0.0392508402785932	c5	NME7
1.17971304760131e-06	1.0612906471366	0.117	0.249	0.0395652161904529	c5	CCAR1
1.19832901458218e-06	1.05041355289543	0.065	0.163	0.0401895584910572	c5	C1orf52
1.20983925545546e-06	3.48037666373785	0.058	0.021	0.0405755889494653	c5	SLC8B1
1.21250650843607e-06	0.217289979452632	0.02	0.089	0.040665043279929	c5	CCDC127
1.22234801985632e-06	0.216548606332957	0.022	0.092	0.0409951078899411	c5	UBXN2A
1.23697239010098e-06	0.436594832462886	0.027	0.1	0.0414855800192066	c5	GK
1.24140236878247e-06	1.00391393419011	0.09	0.204	0.0416341526442264	c5	CRLF3
1.26584744936099e-06	0.809935569970593	0.072	0.174	0.0424539917566688	c5	NAAA
1.26825649409063e-06	0.489877849323218	0.027	0.1	0.0425347862988114	c5	PAFAH1B2
1.27151131678433e-06	0.545345629179965	0.04	0.122	0.0426439465423128	c5	TRIB2
1.27153922295274e-06	0.822741223075163	0.038	0.119	0.0426448824593891	c5	SHOC2
1.27155775481026e-06	0.60418508271125	0.038	0.119	0.0426455039808267	c5	ZNF131
1.27808571483585e-06	0.666489933239009	0.049	0.137	0.0428644387041648	c5	CPNE3
1.28995730286503e-06	0.916644894084714	0.043	0.126	0.0432625880234874	c5	GINM1
1.30128121895836e-06	0.123572354944836	0.02	0.088	0.0436423695214256	c5	GLE1
1.30702235195878e-06	1.01733101684941	0.072	0.174	0.0438349156399934	c5	SBNO1
1.30865282745639e-06	0.707083154126174	0.078	0.183	0.0438895985272326	c5	CD8B
1.33024012382563e-06	0.259025948590176	0.022	0.092	0.0446135932728641	c5	WAC-AS1
1.3507549343044e-06	0.593839054137805	0.022	0.092	0.0453016189867008	c5	YARS2
1.35141661439618e-06	0.24638798888282	0.029	0.103	0.0453238104136191	c5	CASC3
1.3978212155179e-06	0.166780433548637	0.02	0.088	0.0468801279260393	c5	C12orf76
1.40869283761854e-06	0.158549250167147	0.013	0.076	0.0472447403880507	c5	SERGEF
1.42251576831734e-06	0.871412615716104	0.04	0.122	0.0477083338378269	c5	SH3BP2
1.42848662925205e-06	0.595925236369125	0.047	0.133	0.0479085845718554	c5	GNL2
1.43048859238037e-06	0.654656474303994	0.043	0.126	0.0479757264112527	c5	GOSR1
1.46434380647209e-06	0.889061935533268	0.038	0.118	0.049111162581461	c5	TRIM8
1.46939627263681e-06	0.832300449111656	0.074	0.177	0.0492806121916934	c5	USP3
1.47779183478573e-06	0.64761128392697	0.054	0.144	0.0495621825550439	c5	PAPSS1
1.48459849416862e-06	0.257511994273862	0.02	0.088	0.0497904642974272	c5	PARP10
1.49066790308461e-06	0.160688581434957	0.02	0.088	0.0499940201336517	c5	MAP3K5
