p_val	avg_log2FC	pct.1	pct.2	p_val_adj	cluster	gene
1.6779757375163e-245	2.77359461436929	0.944	0.17	5.62759502848216e-241	c6	TRAV1-2
3.13301020117381e-189	2.58828952965258	0.994	0.335	1.05074896126967e-184	c6	GNLY
2.85338128748165e-185	2.89781018020634	0.655	0.089	9.56967016195595e-181	c6	TRBV6-4
4.5968393496278e-183	2.14992427973222	0.92	0.191	1.54168798107817e-178	c6	CD8A
1.09637044833674e-173	2.36900568596597	0.956	0.291	3.67700720963175e-169	c6	HOPX
7.25708818031213e-170	2.57386508814633	0.929	0.282	2.43388223391308e-165	c6	LST1
2.2967528029206e-165	2.03536621784173	0.973	0.286	7.7028495504351e-161	c6	GZMA
1.08249801255101e-152	2.40716674185003	0.755	0.154	3.63048183449359e-148	c6	PLEK
9.23134165712622e-152	1.8957164996672	0.959	0.295	3.09600736496699e-147	c6	CCL5
9.47198101187726e-152	3.16683925717827	0.578	0.087	3.17671299176339e-147	c6	CCL3
3.08070143437973e-151	2.07230327435065	0.991	0.392	1.03320564706228e-146	c6	NKG7
8.11742331866101e-148	2.76993206133982	0.696	0.137	2.72242143261253e-143	c6	CCL4
3.23278564236518e-143	1.92073499440777	0.962	0.284	1.08421164873643e-138	c6	GZMB
3.23820889163392e-142	2.05308931881361	0.785	0.182	1.08603049807619e-137	c6	KLRG1
2.10556074417458e-133	1.66738793483258	0.917	0.278	7.06162962381271e-129	c6	PRF1
1.87516617465479e-125	3.87023867584116	0.469	0.07	6.28893231655725e-121	c6	S100B
3.26511928933398e-111	2.66877746072894	0.531	0.103	1.09505570725683e-106	c6	CEBPD
4.31849697027221e-110	2.93570630598	0.422	0.061	1.44833751388989e-105	c6	TRBV21-1
3.9787616152637e-104	1.38996897356903	1	0.868	1.33439707052714e-99	c6	FTL
4.79705621572529e-97	1.991678675592	0.64	0.175	1.60883671362995e-92	c6	CCR1
9.76978618912737e-95	1.71617809103674	0.867	0.36	3.27659089210954e-90	c6	ID2
1.00063312903877e-94	1.06574509797549	1	0.848	3.35592338817022e-90	c6	S100A6
1.47916038791872e-92	1.37973854015359	0.74	0.216	4.96080810900182e-88	c6	CTSW
7.22233888815165e-89	1.48368773003516	0.935	0.467	2.4222280163083e-84	c6	C12orf75
8.12990138185315e-89	1.29743572700559	0.885	0.36	2.72660632544591e-84	c6	CST7
1.51526152142354e-84	1.50135071658152	0.673	0.202	5.08188409055027e-80	c6	CXCR6
1.90417929149073e-83	1.16946926434963	0.997	0.745	6.38623650780162e-79	c6	LGALS1
5.91025315174087e-83	0.839931820340787	1	0.951	1.98218070203085e-78	c6	GAPDH
6.07557346169503e-83	2.43956349002546	0.466	0.103	2.03762582758328e-78	c6	LINC01871
1.09973857780151e-82	1.14324180208726	0.853	0.3	3.68830324223071e-78	c6	HPGD
3.83819252511233e-82	1.45385864855197	0.912	0.465	1.28725300907217e-77	c6	HCST
2.05053740324569e-79	2.22034897264884	0.454	0.099	6.87709234300538e-75	c6	TMIGD2
1.3631432644675e-76	1.36648652333715	0.85	0.354	4.5717098803711e-72	c6	ANXA1
1.40738583953768e-75	1.34636556208377	0.914	0.426	4.72009062864146e-71	c6	KLRB1
7.9489397784162e-74	0.862016080887431	1	0.935	2.66591542288523e-69	c6	PFN1
9.76260053287997e-72	2.4116996974121	0.413	0.092	3.27418096671728e-67	c6	CA2
2.86746471779311e-71	2.71353964606306	0.292	0.043	9.61690317053454e-67	c6	FEZ1
5.87791344557314e-71	1.77755616095648	0.649	0.225	1.97133461137632e-66	c6	CDKN2A
9.65405917034276e-71	0.804109347472969	1	0.93	3.23777836454955e-66	c6	S100A4
6.96238746208696e-70	1.01483405282392	1	0.924	2.33504550703472e-65	c6	LTB
9.57226987871874e-70	1.27385800350014	0.867	0.388	3.21034787192469e-65	c6	NCR3
3.03739245506739e-69	0.846709792800754	1	0.835	1.0186806815805e-64	c6	SH3BGRL3
1.47868801099419e-67	1.76161534932699	0.392	0.084	4.95922385127233e-63	c6	SLC4A10
1.34483009044235e-64	1.45291902382357	0.782	0.364	4.51029115732555e-60	c6	PGD
1.74119416125737e-64	0.991455327405915	1	0.729	5.83961697802496e-60	c6	S100A10
2.5994876458095e-62	1.05959778237882	0.973	0.6	8.71816166651592e-58	c6	CTSC
5.12282316022176e-60	2.40156100523751	0.283	0.049	1.71809243147517e-55	c6	DBN1
2.75854493767281e-59	2.3955054501628	0.277	0.047	9.25160801196706e-55	c6	EOMES
3.51286096085854e-59	1.18700843333761	0.885	0.485	1.17814330905274e-54	c6	PYCARD
1.81029045576856e-56	0.712856897166521	0.481	0.135	6.07135213055659e-52	c6	CD8B
8.24455879977351e-56	1.20103815457921	0.844	0.43	2.76506013026804e-51	c6	GLRX
2.21939146144952e-55	2.4174727514253	0.268	0.047	7.44339508340939e-51	c6	KIR3DL2
8.29371522034197e-55	0.672228321159567	1	0.99	2.78154621059829e-50	c6	ACTB
9.70071334665644e-55	1.59916299425505	0.622	0.259	3.25342524220164e-50	c6	GYG1
5.59914830398731e-53	1.08897207440266	0.92	0.557	1.87784235819126e-48	c6	RPS27L
3.59698078081188e-51	2.17575907655421	0.351	0.087	1.20635541426869e-46	c6	CSF1
4.62258680762497e-48	0.985826871883486	0.888	0.531	1.55032316354126e-43	c6	IFITM2
4.47276902738453e-47	1.09787643660449	0.855	0.478	1.50007727640422e-42	c6	ALOX5AP
7.37449500045895e-47	1.43578461252831	0.593	0.244	2.47325813325392e-42	c6	PHLDA1
1.94027966801593e-46	0.655998010352003	0.997	0.842	6.50730995059182e-42	c6	MYL6
6.2202501658032e-46	1.11728606364249	0.814	0.474	2.08614750060708e-41	c6	RAB5IF
1.33901269960233e-45	1.49364633013228	0.596	0.26	4.49078079192628e-41	c6	EFHD2
2.33098937291215e-45	0.729145969575494	0.985	0.762	7.81767215887278e-41	c6	H3F3B
1.13822403533558e-44	1.17254166554793	0.74	0.374	3.81737576970848e-40	c6	CISD3
2.37645372799112e-44	1.40723869211604	0.54	0.214	7.97015051293661e-40	c6	PLSCR1
3.58895425637675e-44	0.778427049990627	0.982	0.722	1.20366347850363e-39	c6	CHCHD2
1.59104636739921e-43	0.915548989921658	0.923	0.613	5.33605130698349e-39	c6	CNN2
2.34967558325063e-43	0.929636882600365	0.914	0.563	7.88034197110596e-39	c6	SEC61B
9.11393865549807e-43	0.762218810082874	0.979	0.695	3.05663274628094e-38	c6	ATP5MG
2.10381592238137e-42	2.14010405274615	0.286	0.07	7.05577784048264e-38	c6	REC8
2.17717229617883e-42	0.584773893535647	1	0.951	7.30180044692456e-38	c6	TMSB4X
2.43601410497873e-42	0.713231407473534	0.991	0.808	8.16990410527765e-38	c6	CALM1
1.58880963320117e-41	0.992575424037438	0.867	0.537	5.32854974783009e-37	c6	ABRACL
4.87381769016839e-41	1.01514695644312	0.814	0.477	1.63458097692867e-36	c6	PRDX5
5.94444675718701e-41	2.02701244279396	0.218	0.042	1.99364855342538e-36	c6	TRGV2
1.26948304819376e-40	0.680015294512379	0.997	0.75	4.25759224703224e-36	c6	S100A11
1.82047108922193e-40	0.954527850608966	0.858	0.522	6.10549593903251e-36	c6	NOP10
2.12950972014751e-40	0.724475560468967	0.997	0.825	7.14194969943072e-36	c6	FTH1
8.77419095277807e-39	0.796801333391483	0.959	0.605	2.94268816174271e-34	c6	TPM4
1.35009189373157e-38	0.640287667680182	0.979	0.648	4.52793819319694e-34	c6	TXN
1.71314654082523e-38	0.904020075904471	0.894	0.553	5.74555086861967e-34	c6	COX6C
2.5739968786531e-38	1.01542138148717	0.74	0.401	8.63267073162676e-34	c6	VAMP5
4.85433777526009e-38	0.621356628765804	0.994	0.815	1.62804780306673e-33	c6	ARHGDIB
8.49041161885801e-38	0.894706973803479	0.861	0.541	2.8475142487326e-33	c6	BAX
1.0909226138642e-37	0.811367798981476	0.971	0.639	3.65873626237776e-33	c6	COX8A
3.17210004542674e-37	1.97601474848026	0.248	0.059	1.06385891323522e-32	c6	ZBTB16
6.00863456126786e-37	0.844011567113333	0.847	0.495	2.01517585915801e-32	c6	RAP1B
6.58178311263708e-37	0.504285471196923	1	0.899	2.20739842031622e-32	c6	IL32
3.9369608918717e-36	0.844943707465324	0.906	0.573	1.32037794391593e-31	c6	CCND3
9.19792357830785e-36	0.805091432794041	0.885	0.56	3.08479960969289e-31	c6	GUK1
1.16797267728759e-35	0.632837215513328	1	0.762	3.91714676508712e-31	c6	SERF2
1.23950249268915e-35	0.578381855095625	0.997	0.845	4.15704345998087e-31	c6	CFL1
1.39582616169414e-35	1.7530683542472	0.165	0.027	4.68132178108979e-31	c6	KLRC1
4.67965057788936e-35	0.687152525027291	0.985	0.728	1.56946121081253e-30	c6	RPS26
5.02452933712261e-35	1.24679083935936	0.493	0.201	1.68512664908418e-30	c6	FABP5
7.29922789946892e-35	0.912984230983504	0.817	0.494	2.44801505292388e-30	c6	NDUFS8
1.46513150157374e-34	0.825389916972979	0.77	0.405	4.91375802997801e-30	c6	CD70
1.61184748287318e-34	1.25621886847174	0.525	0.239	5.40581408806007e-30	c6	ADA
1.80328024954511e-34	0.801058379453578	0.932	0.576	6.04784130092439e-30	c6	DBI
2.14401590111148e-34	0.954454955474213	0.77	0.446	7.19060052914768e-30	c6	ARPC5L
3.31201113250187e-34	1.32114756420518	0.528	0.236	1.11078229361848e-29	c6	NQO1
4.44466961685072e-34	1.61005568489663	0.516	0.23	1.49065329609939e-29	c6	CDKN1A
6.92069172394467e-34	0.959214774698018	0.714	0.385	2.32106159037656e-29	c6	PNP
2.03430353708982e-33	2.64007664857481	0.165	0.03	6.82264720269183e-29	c6	CPNE7
3.35022705293856e-33	0.820842564422948	0.855	0.513	1.12359914901453e-28	c6	SH2D2A
1.9825791701552e-32	1.36177145828531	0.407	0.155	6.64917402086651e-28	c6	ABI3
4.01510078834046e-32	0.908539314210495	0.637	0.323	1.34658450239362e-27	c6	TNF
8.02901675695309e-32	0.885268614266636	0.796	0.494	2.69277163994693e-27	c6	POMP
2.39446456706443e-31	0.855917430552323	0.785	0.448	8.03055526502068e-27	c6	SRI
2.45404045356139e-31	0.853697691323407	0.776	0.455	8.23036087315421e-27	c6	GNG2
5.50699223825439e-31	0.72038797740619	0.888	0.554	1.84693505686576e-26	c6	OSTF1
1.3299900569547e-30	0.619694764070684	0.991	0.829	4.46052065301466e-26	c6	CD52
2.33871831154699e-30	0.652413221042953	0.965	0.703	7.8435934732663e-26	c6	ARPC3
3.11848132172952e-30	0.713311312590267	0.914	0.599	1.04587626568165e-25	c6	COX7A2
9.22830985908762e-30	0.541419751447164	0.997	0.8	3.09499056054081e-25	c6	CLIC1
1.15829761850911e-29	1.49751017448053	0.33	0.117	3.88469855295586e-25	c6	DUSP6
1.60633140359823e-29	0.684046218077754	0.941	0.617	5.38731426138775e-25	c6	ATP5MC3
2.00621007153625e-29	1.50228127106506	0.383	0.152	6.72842733791827e-25	c6	APOBEC3H
2.22785011604486e-29	0.626101943799639	0.956	0.661	7.47176371919126e-25	c6	NDUFV2
9.07249983212723e-29	0.774001919327528	0.805	0.514	3.04273499369883e-24	c6	VAMP8
9.30792298383262e-29	0.678846208569138	0.929	0.591	3.12169121031778e-24	c6	GNG5
9.53856072634927e-29	0.920054924595121	0.708	0.419	3.19904249640302e-24	c6	NDUFA12
1.54857176440138e-28	0.726008828111112	0.876	0.556	5.19359998344936e-24	c6	TRAPPC1
1.740239422946e-28	0.879258419805304	0.735	0.435	5.83641497667628e-24	c6	SEM1
1.88155203094718e-28	2.27063108097669	0.192	0.046	6.31034920139067e-24	c6	GNGT2
2.85042044785266e-28	0.7393438665673	0.9	0.626	9.55974009800824e-24	c6	MRPS6
3.77586815298046e-28	0.6084660075839	0.971	0.721	1.26635066114659e-23	c6	LIMD2
5.80621281631579e-28	0.740431911286547	0.861	0.547	1.94728765433599e-23	c6	UBL5
6.87170284944089e-28	0.937117763129382	0.684	0.399	2.30463170164548e-23	c6	SEC61G
9.87049340045274e-28	1.03531851402806	0.602	0.326	3.31036607664384e-23	c6	TXNDC17
1.70269852052439e-27	0.844018929348405	0.767	0.468	5.71051029813471e-23	c6	SUPT4H1
2.44641988260308e-27	0.491951213444732	0.988	0.842	8.20480300227422e-23	c6	MYL12A
4.67550221429738e-27	0.772889297630486	0.844	0.516	1.56806993263105e-22	c6	EIF5A
6.18245000648398e-27	1.5195730148026	0.319	0.117	2.0734700831746e-22	c6	FAM3C
1.15148041584827e-26	0.830230260654322	0.735	0.441	3.86183501867194e-22	c6	NDUFB7
3.74034707202003e-26	0.695269776633058	0.897	0.621	1.25443760101408e-21	c6	NDUFA4
4.67555300134017e-26	2.06051150746362	0.195	0.051	1.56808696558947e-21	c6	TSPAN15
4.75823668299562e-26	0.696629130135162	0.858	0.529	1.59581741874307e-21	c6	UQCRH
5.7530446095935e-26	0.81383813552598	0.702	0.415	1.92945610116547e-21	c6	RHOF
1.04546302433862e-25	1.42685016316	0.206	0.056	3.50627389102688e-21	c6	ADRB2
1.13730772061884e-25	0.829211409002594	0.681	0.389	3.81430263341148e-21	c6	NDUFA2
1.20778515957262e-25	0.615669499484095	0.959	0.725	4.05066986817466e-21	c6	YWHAZ
1.34626208051461e-25	0.785162241577708	0.74	0.441	4.51509376562991e-21	c6	PSMB2
1.48589291650194e-25	0.637820713281885	0.941	0.598	4.98338766336419e-21	c6	ELOB
2.39302061561514e-25	0.53149958849525	0.965	0.722	8.02571254065007e-21	c6	CD99
3.46448890010715e-25	0.458130463623922	1	0.93	1.16192028731794e-20	c6	TMSB10
3.63555520987069e-25	3.26629482782142	0.088	0.011	1.21929250628643e-20	c6	INSL6
5.20222503052127e-25	1.72845555984909	0.198	0.053	1.74472223073622e-20	c6	FASLG
6.56238321226887e-25	0.588319110576533	0.965	0.666	2.20089208173073e-20	c6	ATP5MC2
6.85228551680083e-25	0.547006754736925	0.985	0.7	2.29811951662466e-20	c6	SRP14
7.38382392275274e-25	0.796058624244358	0.687	0.394	2.47638686721281e-20	c6	TMEM167A
7.96555846414002e-25	1.90751401361682	0.212	0.062	2.67148899770328e-20	c6	ARHGAP18
8.55371039212745e-25	0.942231757158102	0.619	0.348	2.8687433913117e-20	c6	MIR4435-2HG
1.10686726095848e-24	0.601856793506796	0.944	0.657	3.71221141980253e-20	c6	GMFG
1.11032428565469e-24	1.97387835603335	0.174	0.043	3.7238055892287e-20	c6	B3GNT8
1.37174874945879e-24	0.739010447456153	0.808	0.512	4.60057095593489e-20	c6	NDUFB2
1.43251910474034e-24	0.479729872370089	0.737	0.41	4.80438257347815e-20	c6	ISG15
1.49201023048302e-24	0.854273701949526	0.678	0.409	5.00390391099395e-20	c6	RNF7
1.52073041944867e-24	1.97851684698555	0.118	0.021	5.10022568074694e-20	c6	IL23R
2.85020726447554e-24	0.738411109425556	0.764	0.484	9.55902512359805e-20	c6	ZYX
3.00078614388016e-24	1.00288147144466	0.304	0.11	1.00640365693453e-19	c6	TXK
3.3585364534765e-24	1.89972190681387	0.221	0.067	1.12638595576695e-19	c6	ASCL2
3.63706161650902e-24	0.732154558979348	0.77	0.492	1.21979772494479e-19	c6	UFC1
3.70883043181879e-24	1.26998097495477	0.363	0.153	1.24386755022339e-19	c6	RORC
4.06080851898237e-24	2.77759115536028	0.074	0.008	1.36191396109631e-19	c6	LINC01644
5.4559214490277e-24	0.987613608801995	0.519	0.27	1.82980693557491e-19	c6	POLR2F
8.22061394168223e-24	0.686238628684228	0.743	0.445	2.75702950376139e-19	c6	MRPL41
1.21506871855542e-23	0.53413117125019	0.968	0.693	4.07509746829115e-19	c6	OAZ1
1.33306375357839e-23	0.838943771701126	0.44	0.204	4.4708292167512e-19	c6	GPAT3
1.40247828804161e-23	0.434118547092284	1	0.89	4.70363168243397e-19	c6	RPS19
1.52534232890698e-23	0.725928072294689	0.726	0.453	5.11569310268823e-19	c6	TMEM258
2.10421252049987e-23	0.908587923001491	0.581	0.32	7.05710795125247e-19	c6	IFI27L2
2.71966701823577e-23	0.513326523015646	0.973	0.727	9.12121924575912e-19	c6	RPL36AL
2.93426653959415e-23	0.629544567400458	0.888	0.606	9.84094312049085e-19	c6	CYTIP
3.22563897822866e-23	2.40339595588924	0.145	0.032	1.08181480051833e-18	c6	PIK3AP1
3.29402221626877e-23	1.01940896605074	0.389	0.173	1.10474917089222e-18	c6	HSH2D
4.95331657196799e-23	1.1642687575783	0.383	0.174	1.66124331190662e-18	c6	CPPED1
5.40608301816576e-23	0.613626203883407	0.888	0.577	1.81309212263243e-18	c6	PRELID1
5.41498797129865e-23	0.625208060999338	0.914	0.623	1.81607866581414e-18	c6	COX6B1
6.08735617917681e-23	1.67330642323092	0.212	0.065	2.04157751537232e-18	c6	PIR
6.96207759170153e-23	0.972452435198928	0.546	0.299	2.33494158270486e-18	c6	NUDT1
8.80327532067628e-23	0.878088920188787	0.625	0.362	2.95244247704841e-18	c6	SDF2L1
9.49414818440386e-23	0.576696189467633	0.914	0.622	3.18414741808537e-18	c6	COX5A
1.123235816424e-22	2.04306926094241	0.177	0.048	3.76710828112283e-18	c6	FSD1
1.28023248531714e-22	1.22167766918121	0.336	0.139	4.29364370925662e-18	c6	SNX10
1.42595799982917e-22	0.887129233640192	0.617	0.368	4.78237793982705e-18	c6	NDUFB3
1.74785606638839e-22	0.477582645038184	0.959	0.739	5.86195967545338e-18	c6	SRGN
2.6346263234757e-22	0.752101738348668	0.743	0.483	8.83600976367282e-18	c6	HMGN2
2.70745763532358e-22	0.666837308385184	0.773	0.49	9.08027141734823e-18	c6	CDK2AP2
2.84741242221632e-22	0.524956013714217	0.953	0.672	9.54965178162908e-18	c6	ATP5F1E
3.8698299604977e-22	0.62609988113761	0.614	0.342	1.29786357215172e-17	c6	IFI6
4.04554742351669e-22	0.941805711415251	0.227	0.073	1.35679569489903e-17	c6	KLRD1
4.69437182158057e-22	4.06359607357574	0.059	0.005	1.57439842152169e-17	c6	CCL3L1
8.27732483975637e-22	1.27271584780945	0.298	0.117	2.77604920475749e-17	c6	SYTL2
1.09641266401129e-21	0.759290111455023	0.655	0.398	3.67714879256106e-17	c6	CYCS
1.17555680049931e-21	0.506226357946309	0.956	0.678	3.94258239751458e-17	c6	FLNA
1.27391328765487e-21	1.11955216521329	0.401	0.192	4.2724503841369e-17	c6	CASP1
1.35623810057176e-21	0.507545241732475	0.711	0.413	4.54855134169757e-17	c6	XBP1
1.5010294141615e-21	0.759030506023891	0.475	0.242	5.03415244921484e-17	c6	IVNS1ABP
1.66713111104399e-21	0.668440200635123	0.791	0.528	5.59122432021934e-17	c6	ATP5MF
1.86865295492171e-21	1.01356176009564	0.528	0.295	6.26708828021644e-17	c6	HINT2
2.18648027825524e-21	0.576028842213321	0.92	0.623	7.33301755721242e-17	c6	GSTP1
2.46848169977183e-21	3.67426643394042	0.059	0.005	8.27879392469476e-17	c6	KCNQ3
4.05809929688533e-21	1.34576256826547	0.33	0.145	1.3610053421894e-16	c6	RGS9
5.19402163242443e-21	0.871178021119178	0.531	0.291	1.74197097508251e-16	c6	LSM3
5.91096406734533e-21	1.33562952073176	0.206	0.065	1.98241912890628e-16	c6	GAB3
7.08405811639816e-21	2.18581292316168	0.115	0.023	2.37585141107761e-16	c6	OVCH1-AS1
7.57396916741272e-21	0.403688191850511	0.997	0.829	2.54015777936688e-16	c6	RPL15
8.70251189434517e-21	0.799208934051035	0.596	0.347	2.91864843912548e-16	c6	MRPL54
1.31796483143234e-20	0.628592800662356	0.835	0.547	4.42019045165777e-16	c6	CALM3
1.68036214962294e-20	0.6579192101483	0.711	0.441	5.63559857740542e-16	c6	ARRB2
1.83575906362113e-20	0.626773309782811	0.817	0.532	6.15676874757254e-16	c6	DYNLL1
2.02787018360498e-20	0.89355118202606	0.504	0.279	6.80107102177438e-16	c6	RAB27A
2.36218295480456e-20	0.584137131670761	0.392	0.182	7.92228919382354e-16	c6	OASL
2.78717664372004e-20	0.628392326975477	0.752	0.488	9.34763302770827e-16	c6	PSMC5
3.30706973492892e-20	1.02798460868298	0.442	0.23	1.10912504770046e-15	c6	PDLIM2
3.53012640920246e-20	1.01867176823772	0.445	0.233	1.18393379511832e-15	c6	NABP2
3.69625512966644e-20	0.628492754176982	0.802	0.506	1.23965004538753e-15	c6	ATP5PF
4.23111823717736e-20	0.587758565206012	0.841	0.557	1.41903243438454e-15	c6	PSMB1
4.30721766661253e-20	0.938293174188224	0.41	0.198	1.44455466102851e-15	c6	LYAR
4.78448900902048e-20	0.573579005473237	0.723	0.449	1.60462192384529e-15	c6	C4orf3
6.44798712907872e-20	0.535172378487372	0.906	0.613	2.16252592335042e-15	c6	UQCRB
6.88521570985973e-20	0.20817008925424	0.684	0.38	2.30916364477276e-15	c6	LAG3
8.61028130676965e-20	0.596529949412308	0.678	0.422	2.88771614466441e-15	c6	SPCS3
9.50037862911136e-20	0.47125661207171	0.947	0.658	3.18623698463137e-15	c6	PSMB9
1.14730854978428e-19	0.597869612245279	0.743	0.464	3.84784341426652e-15	c6	NDUFB4
1.15038109350135e-19	0.646579601140078	0.737	0.457	3.85814811138482e-15	c6	AP2S1
1.23080570354817e-19	0.720947086196422	0.631	0.376	4.12787616855986e-15	c6	SUMO3
2.0872906007905e-19	1.19819304189779	0.336	0.154	7.00035521693119e-15	c6	MKNK1
2.27910583714734e-19	0.870015219211564	0.507	0.282	7.64366515662476e-15	c6	SCP2
2.48096303149878e-19	0.879470987294871	0.501	0.284	8.32065381504061e-15	c6	HSD17B10
2.79231117797694e-19	0.56045839788478	0.855	0.578	9.36485322869907e-15	c6	PRR13
2.80198932189037e-19	0.722297701834419	0.587	0.345	9.39731178775591e-15	c6	KRT10
3.06165385412773e-19	0.198093453262848	0.894	0.53	1.02681746959736e-14	c6	LGALS3
3.33015590639601e-19	0.589340104305081	0.832	0.568	1.11686768788709e-14	c6	PARK7
3.84020556105277e-19	0.894972240603604	0.51	0.288	1.28792814106588e-14	c6	FAM32A
4.73023303539543e-19	0.943645520948383	0.54	0.32	1.58642555541092e-14	c6	LSM5
4.74315578941795e-19	0.974368039924289	0.413	0.212	1.59075958865499e-14	c6	PEX2
6.30676947049771e-19	2.56737735224873	0.071	0.01	2.11516434501552e-14	c6	P2RX7
6.51797637204026e-19	0.893127048856011	0.457	0.251	2.18599891565486e-14	c6	RAB18
8.35388450309422e-19	0.952624171742374	0.44	0.233	2.80172578464774e-14	c6	G6PD
9.11759647591282e-19	0.653171931204452	0.673	0.417	3.05785950609164e-14	c6	NDUFS6
1.00058823248919e-18	0.601659487475268	0.788	0.52	3.35577281412226e-14	c6	UQCR10
1.06323767543355e-18	0.765550835857553	0.667	0.43	3.56588651586903e-14	c6	UBE2L3
1.21453061991886e-18	0.480183075946205	0.9	0.628	4.07329279308387e-14	c6	ANXA2
1.41155927621634e-18	0.679070874422903	0.457	0.24	4.73408750057435e-14	c6	RAB29
1.42756152880847e-18	0.520620307980144	0.737	0.455	4.78775585531784e-14	c6	SCAND1
1.43784037261619e-18	0.708468779641043	0.587	0.357	4.82222904168018e-14	c6	SASH3
1.49947920757754e-18	0.386408631729571	0.581	0.318	5.02895336637354e-14	c6	CD38
1.56875405200315e-18	1.1206679227084	0.369	0.185	5.26128733960816e-14	c6	FBXO6
1.62251296842833e-18	0.572592681204083	0.127	0.03	5.44158399351493e-14	c6	TRAV5
1.82253655901086e-18	0.540135545292606	0.87	0.606	6.11242311161062e-14	c6	OST4
1.91743789591866e-18	0.834319157089192	0.481	0.267	6.43070321533199e-14	c6	APOBEC3C
2.09799844436064e-18	0.815649345797946	0.587	0.35	7.0362671826967e-14	c6	RPA3
2.97886394859392e-18	0.790602842672068	0.537	0.317	9.99051391079429e-14	c6	FAM104A
3.00147975977391e-18	0.454899603436041	0.979	0.736	1.00663628183297e-13	c6	H3F3A
3.0368718758009e-18	0.738707651339706	0.525	0.305	1.01850608970611e-13	c6	SNRPB2
3.23459036449623e-18	0.567285276057108	0.82	0.566	1.08481691644474e-13	c6	PSMB3
3.40093774240307e-18	0.669794999040917	0.696	0.453	1.14060650004714e-13	c6	NDUFA1
4.02689579363519e-18	0.704216706454682	0.563	0.328	1.35054031126937e-13	c6	MRPS12
4.16618988461425e-18	0.940211065722794	0.463	0.259	1.39725676350193e-13	c6	STMP1
4.25265645466929e-18	0.574752078977891	0.811	0.537	1.42625592176699e-13	c6	NDUFS5
4.27673146682475e-18	0.625503105147035	0.714	0.469	1.43433019934369e-13	c6	ATP5IF1
4.6433781930376e-18	0.348206069929129	1	0.927	1.55729617838095e-13	c6	VIM
5.15097731439019e-18	0.680549105859994	0.64	0.4	1.72753477170018e-13	c6	SNRPC
5.85697544330927e-18	1.04345243032254	0.357	0.174	1.96431242417706e-13	c6	ANXA4
5.86543579492778e-18	0.616987060269102	0.593	0.353	1.96714985690288e-13	c6	PDAP1
8.25603485378555e-18	0.971556027887562	0.407	0.213	2.7689089692626e-13	c6	TAF12
8.52575529631927e-18	0.401950572572546	0.991	0.793	2.85936781127956e-13	c6	RAC2
8.57253526582862e-18	0.364983665150257	0.994	0.821	2.8750568774536e-13	c6	RPS24
1.44605337911729e-17	0.578928484552437	0.44	0.223	4.84977382288356e-13	c6	HAVCR2
1.45631262657568e-17	0.831885746835762	0.386	0.192	4.88418128700952e-13	c6	GCLM
1.63008327674773e-17	0.573225087253857	0.776	0.508	5.46697329355652e-13	c6	SNRPG
1.82808596907274e-17	0.5529733124857	0.749	0.474	6.13103472307614e-13	c6	AURKAIP1
2.01778265116203e-17	0.920440207630549	0.451	0.249	6.76723945546722e-13	c6	ARPP19
2.24997726821053e-17	0.7204663162641	0.407	0.207	7.54597376212447e-13	c6	XAF1
2.30353565197276e-17	0.527191160850442	0.9	0.632	7.72559786958624e-13	c6	PSMA7
3.05111325615109e-17	0.932574930111352	0.383	0.192	1.02328236384795e-12	c6	AGTRAP
3.06593814619841e-17	0.740380793867391	0.569	0.321	1.02825433547202e-12	c6	TYMS
3.09775158939392e-17	0.493857408351803	0.885	0.6	1.03892392805093e-12	c6	SNRPD2
3.34977642526689e-17	0.761577169359057	0.324	0.147	1.12344801750601e-12	c6	IL4I1
3.36012360746754e-17	0.757179324380631	0.519	0.306	1.12691825547246e-12	c6	ASNA1
3.45853802905186e-17	2.63477304214286	0.094	0.019	1.15992448418341e-12	c6	CES1
4.27608949507007e-17	0.496924053400277	0.838	0.546	1.4341148948566e-12	c6	BRK1
4.56942225919733e-17	1.37947630651701	0.1	0.021	1.5324928372896e-12	c6	COLQ
4.59837123103233e-17	1.98822732233817	0.086	0.016	1.54220174346362e-12	c6	LINC02084
4.60077488389701e-17	0.890463842636455	0.434	0.238	1.54300788056138e-12	c6	POLR2G
6.45305858104284e-17	0.552608905571739	0.746	0.494	2.16422678691015e-12	c6	KRTCAP2
7.25283180795736e-17	0.628553904932174	0.69	0.445	2.43245473175274e-12	c6	ZNF706
8.20711396166721e-17	0.737288003699823	0.528	0.31	2.75250188046395e-12	c6	NAA38
1.00985445487402e-16	2.39350211212836	0.094	0.019	3.38684987075649e-12	c6	TLE1
1.02315365349894e-16	0.477475956717996	0.894	0.617	3.43145272310475e-12	c6	COX7C
1.20003922365972e-16	0.315105720132008	1	0.893	4.02469154830996e-12	c6	RPLP0
1.39462725712473e-16	0.538724294889391	0.826	0.541	4.67730089494491e-12	c6	PSMB6
1.42766718468133e-16	0.545951969084244	0.631	0.377	4.78811020398426e-12	c6	CREM
1.43353055660115e-16	0.802536404897767	0.493	0.291	4.80777478072893e-12	c6	ROMO1
1.6722119779748e-16	1.00217996326174	0.392	0.209	5.60826453173187e-12	c6	TFPT
1.73378509865821e-16	1.04149018066665	0.363	0.188	5.81476846387991e-12	c6	MRPS33
1.7850830576158e-16	0.517480294465218	0.867	0.572	5.98681155863186e-12	c6	TMA7
1.8407508616208e-16	0.626679713641802	0.605	0.387	6.17351023970385e-12	c6	OSTC
2.22788310905238e-16	0.603336996848328	0.687	0.446	7.47187437113986e-12	c6	SNRPB
2.67474607836792e-16	0.613148528423061	0.735	0.491	8.97056339763033e-12	c6	FAM96B
3.05114089994467e-16	0.570933165015308	0.617	0.377	1.02329163502344e-11	c6	DCTN3
3.56482604857208e-16	0.834166993145292	0.522	0.323	1.1955713601701e-11	c6	ETHE1
3.59620314415403e-16	1.45239653541814	0.201	0.074	1.20609461048638e-11	c6	C11orf21
4.84611354998204e-16	0.506258548543361	0.708	0.467	1.62528956239298e-11	c6	DRAP1
4.94519440252397e-16	0.413840573304806	0.959	0.683	1.65851929871849e-11	c6	MYL12B
4.98881690850357e-16	0.565994871865888	0.687	0.437	1.67314941477393e-11	c6	NDUFAB1
5.11715830950487e-16	0.710891524097536	0.487	0.281	1.71619255384174e-11	c6	ATP5MC1
6.18275972503355e-16	0.453958305131933	0.941	0.718	2.07357395658175e-11	c6	RHOA
7.22876035634966e-16	0.618641831407381	0.667	0.43	2.42438164831255e-11	c6	UQCRQ
8.49999324603883e-16	0.944011502383919	0.395	0.215	2.8507277348565e-11	c6	HPRT1
9.20961266038429e-16	0.277893893296705	1	0.877	3.08871989403968e-11	c6	TPT1
9.41037896419887e-16	0.608378925607218	0.628	0.403	3.15605289701302e-11	c6	RPS19BP1
9.8168313634905e-16	0.948937448966714	0.307	0.144	3.29236890268744e-11	c6	PPIF
1.11112691268687e-15	0.890692857552022	0.454	0.265	3.72649743976922e-11	c6	HSPB11
1.16928956022525e-15	0.755431812731965	0.469	0.264	3.92156332708343e-11	c6	PCNA
1.21292549249988e-15	1.28014543787248	0.274	0.124	4.0679095167461e-11	c6	BCL7C
1.27374611958163e-15	0.992363655133198	0.268	0.118	4.27188973585287e-11	c6	IFI44
1.29160555628196e-15	0.814450058645353	0.504	0.303	4.33178671465843e-11	c6	CCDC167
1.38745714419518e-15	0.7575290614914	0.463	0.269	4.65325377020178e-11	c6	DECR1
1.42835610090993e-15	0.526079424916693	0.702	0.451	4.79042069123171e-11	c6	COX7B
1.46443888842241e-15	0.568580634732065	0.54	0.327	4.91143514399107e-11	c6	HMGN3
1.64219054063221e-15	1.67920616466737	0.1	0.023	5.50757863517231e-11	c6	S1PR5
1.66572453828082e-15	0.538456538779062	0.661	0.424	5.58650695648621e-11	c6	NDUFA6
1.67543579112695e-15	0.604749443371542	0.599	0.375	5.61907655628158e-11	c6	HNRNPUL1
1.73461675924501e-15	0.513673755193997	0.658	0.418	5.8175576871559e-11	c6	MYDGF
1.90616526169847e-15	0.503483757490586	0.634	0.404	6.39289705468434e-11	c6	LAMTOR1
1.99053532196608e-15	0.564475606464725	0.611	0.375	6.67585736280983e-11	c6	ATOX1
2.05996175453242e-15	0.473471862372954	0.794	0.536	6.90869973235082e-11	c6	RNF167
2.11303800613143e-15	0.719916485939331	0.516	0.313	7.0867068649636e-11	c6	LAMTOR2
2.1718629479645e-15	0.70211435908175	0.487	0.278	7.28399395488336e-11	c6	SH2D1A
2.18640681185574e-15	0.491689625919737	0.723	0.482	7.33277116560179e-11	c6	TEX264
2.44843300549133e-15	0.615991357372949	0.658	0.426	8.21155461381684e-11	c6	POLR2L
2.6211574435535e-15	0.415585732362604	0.953	0.72	8.79083783418971e-11	c6	PSME2
2.81020780653016e-15	0.603214355629662	0.316	0.144	9.42487494154086e-11	c6	SAMD3
2.83376943357077e-15	0.700204553572072	0.463	0.266	9.50389592630966e-11	c6	ZDHHC24
3.20942964279555e-15	2.37857822205866	0.059	0.008	1.07637851360077e-10	c6	NCKAP1
3.32894954847563e-15	0.792415518735588	0.499	0.302	1.11646309956776e-10	c6	HSBP1
3.44029886663399e-15	0.84492485356507	0.448	0.262	1.15380743389171e-10	c6	CD2BP2
3.56904546719173e-15	0.505909649796561	0.838	0.583	1.19698646878676e-10	c6	H2AFV
3.71521231161603e-15	0.782820563403201	0.401	0.213	1.24600790506979e-10	c6	MOSPD3
4.86850915963484e-15	0.61035824247356	0.667	0.447	1.63280060195833e-10	c6	UBE2N
4.88611223365991e-15	0.571911347370302	0.605	0.38	1.63870432092486e-10	c6	LSM2
4.94434836687685e-15	0.519433990299492	0.737	0.494	1.65823555528316e-10	c6	JTB
4.96606302398295e-15	1.12704081187473	0.236	0.098	1.6655182169834e-10	c6	RRAS2
5.16033347807203e-15	0.71145958633379	0.389	0.206	1.7306726418758e-10	c6	GPR65
5.21563254709814e-15	0.703556127301167	0.525	0.324	1.74921884364578e-10	c6	ACP1
6.10228028434112e-15	0.567325731952558	0.614	0.383	2.04658276176233e-10	c6	SF3B6
6.19802724254939e-15	1.01238808392331	0.381	0.21	2.07869437660621e-10	c6	DPH3
6.79781602152636e-15	0.586515496660813	0.587	0.365	2.27985153729951e-10	c6	ZNHIT1
7.12149609379305e-15	1.10929164685106	0.206	0.081	2.38840735993631e-10	c6	TFDP2
7.27824699442525e-15	1.2730176286881	0.271	0.124	2.44097847699034e-10	c6	GINS2
7.31167625789247e-15	0.584133697268273	0.631	0.399	2.45218998337198e-10	c6	DBNL
8.20112736360583e-15	0.900344030145855	0.383	0.205	2.75049409520612e-10	c6	CD68
9.5605627871455e-15	2.23948279670714	0.071	0.013	3.20642154755286e-10	c6	LINC02384
1.19402317260276e-14	0.473266272035771	0.891	0.688	4.00451491627514e-10	c6	H2AFZ
1.50005884449942e-14	0.62219158231667	0.605	0.391	5.03089735268215e-10	c6	ELOC
1.58962944646307e-14	0.709903145443298	0.469	0.276	5.33129923754784e-10	c6	PTRHD1
1.9259012453984e-14	0.762990515405076	0.466	0.283	6.45908759681716e-10	c6	THOC7
2.08910763078891e-14	2.09844495105037	0.091	0.021	7.00644917213983e-10	c6	IL18RAP
2.11126131254515e-14	0.484193334688463	0.702	0.452	7.08074819001392e-10	c6	LPXN
2.16371017516049e-14	0.21243499289052	0.693	0.422	7.25665118545326e-10	c6	GIMAP4
2.43280674847802e-14	0.484170930680945	0.779	0.534	8.15914727304558e-10	c6	PPP1R18
2.8424961112514e-14	0.66409561522207	0.552	0.347	9.53316345791496e-10	c6	CHMP2A
2.90003144588528e-14	0.395177082183718	0.658	0.422	9.72612546321006e-10	c6	ARL4C
2.98914692872827e-14	0.701992884029657	0.46	0.274	1.00250009695689e-09	c6	MAGOH
3.34516087182442e-14	0.840264378248502	0.395	0.225	1.12190005319247e-09	c6	TRAPPC2L
3.57663495692857e-14	0.747211732901773	0.478	0.294	1.1995318318547e-09	c6	MPC2
3.74066450320987e-14	0.671401137096311	0.466	0.276	1.25454406108653e-09	c6	CARD16
3.95653596721779e-14	0.449874182438151	0.77	0.542	1.3269430326855e-09	c6	PSMB10
4.06009754000811e-14	0.35431675512561	0.445	0.252	1.36167551296792e-09	c6	CD69
4.94056531165158e-14	0.826436484958836	0.369	0.202	1.65696679422171e-09	c6	MRPL55
4.96168055551853e-14	0.627896223367331	0.504	0.308	1.66404842470981e-09	c6	EIF4E2
5.04152676865605e-14	0.355829048083122	0.971	0.771	1.69082724767187e-09	c6	COX4I1
5.12172936276938e-14	0.737376632547421	0.49	0.305	1.71772559368560e-09	c6	FIBP
5.42398655053016e-14	1.09505905661528	0.218	0.09	1.8190966093168e-09	c6	ELOVL6
5.45511120384211e-14	0.773441046183992	0.431	0.248	1.82953519554457e-09	c6	ITGAE
5.93100000215532e-14	0.518945118032578	0.575	0.373	1.98913878072285e-09	c6	ISCU
7.23143252529951e-14	0.720465077228445	0.404	0.231	2.42527784033495e-09	c6	GOLGA7
7.30075324524526e-14	0.390452533221618	0.345	0.175	2.44852662339035e-09	c6	THEMIS
7.39533807111233e-14	0.553269741212671	0.708	0.491	2.48024848228965e-09	c6	ARF5
7.81783581736106e-14	0.716146977195566	0.448	0.269	2.62194577642655e-09	c6	COA3
7.8539619222103e-14	0.734289302738963	0.442	0.263	2.63406174947089e-09	c6	TIMM8B
8.1419675170811e-14	1.94175046160871	0.094	0.023	2.73065306587866e-09	c6	CCL4L2
8.41375990223445e-14	0.802270526815225	0.481	0.3	2.82180679601139e-09	c6	ITGB1BP1
8.86120130506845e-14	0.800766608473672	0.425	0.249	2.97186969369386e-09	c6	MRPL33
9.1408170023007e-14	0.498241987049902	0.767	0.509	3.06564720623161e-09	c6	SRSF3
9.21888812274209e-14	0.779961657366964	0.442	0.265	3.09183069860524e-09	c6	CDC26
9.98951624755455e-14	0.495732503865367	0.684	0.446	3.35028395910484e-09	c6	SNRPD3
1.00631611015499e-13	0.558278534814762	0.634	0.421	3.37498297023779e-09	c6	SSNA1
1.01253870592683e-13	1.79102770193122	0.109	0.03	3.3958523119374e-09	c6	TTC16
1.12714296563911e-13	0.512589829630306	0.676	0.44	3.78021207816044e-09	c6	ADRM1
1.12944696050489e-13	0.626637805831965	0.351	0.179	3.78793921614129e-09	c6	ENTPD1
1.21769293488876e-13	0.525333251805325	0.67	0.449	4.08389856502993e-09	c6	YWHAH
1.22100505193932e-13	0.713741457860871	0.44	0.264	4.09500674319409e-09	c6	LSM1
1.22777178656841e-13	0.692105891872195	0.395	0.22	4.11770101779314e-09	c6	FDX1
1.26050975498376e-13	0.62686864314151	0.534	0.341	4.22749761626454e-09	c6	C4orf48
1.43657292479087e-13	0.372648158117603	0.988	0.751	4.81797827516363e-09	c6	HINT1
1.51169828916502e-13	0.415430929649157	0.681	0.439	5.06993372220166e-09	c6	UBE2L6
1.58880248358652e-13	0.513974309274714	0.499	0.298	5.32852576945248e-09	c6	NCF4
1.69439888193238e-13	0.72395155766193	0.386	0.216	5.68267497022483e-09	c6	SIRT2
1.80470689088042e-13	0.561028756964343	0.578	0.375	6.05262597063476e-09	c6	MRPL20
1.81775847467126e-13	0.468749106507785	0.773	0.527	6.09639837235247e-09	c6	PSMD8
1.8600416477424e-13	0.511300648795784	0.702	0.489	6.23820767819846e-09	c6	ALDOA
2.04640155365657e-13	0.523369266511733	0.599	0.377	6.86322153065340e-09	c6	RBM3
2.10303561498264e-13	0.690155155098834	0.481	0.305	7.05316084552879e-09	c6	COPS9
2.21385126295987e-13	0.702458324215605	0.442	0.262	7.4248143657148e-09	c6	PNKD
2.2203073639607e-13	0.640920087236298	0.445	0.266	7.44646683725139e-09	c6	EIF1AX
2.30047398959506e-13	0.51708162794716	0.664	0.426	7.71532966630393e-09	c6	MRPL51
2.52383080478283e-13	0.498793511048325	0.723	0.495	8.46442375308066e-09	c6	HMGN1
2.69812568313492e-13	0.495049005012981	0.737	0.493	9.0489739160979e-09	c6	ARHGDIA
3.31972481122123e-13	0.649264633494471	0.442	0.259	1.11336930718738e-08	c6	DDA1
3.33523801762088e-13	1.22676498882763	0.162	0.059	1.11857212634969e-08	c6	CDKN2B
3.8073967220226e-13	0.408717119595399	0.891	0.63	1.27692471263194e-08	c6	PPP1CA
3.84042707768574e-13	0.47018118690452	0.664	0.439	1.28800243331424e-08	c6	SUMO1
4.4705550179251e-13	0.713766111344634	0.437	0.26	1.49933474191172e-08	c6	CKLF
4.48690384983925e-13	1.27968129996864	0.162	0.06	1.50481781315909e-08	c6	SKAP2
4.51956303668074e-13	0.237351394232694	1	0.806	1.51577105124199e-08	c6	RPS15A
4.7249656906473e-13	0.788489618655001	0.392	0.229	1.58465899332929e-08	c6	NDUFAF8
5.06771220317304e-13	1.30900733869709	0.13	0.041	1.69960931870018e-08	c6	LINC002481
5.24854168153749e-13	0.360952608356411	0.923	0.658	1.76025590915404e-08	c6	PSMB8
5.25624123763007e-13	0.400530768520102	0.743	0.513	1.76283818627637e-08	c6	SIT1
5.42920701256074e-13	1.18699961719837	0.224	0.099	1.82084744787262e-08	c6	STX11
5.66485732889482e-13	1.07162157091893	0.304	0.158	1.89987985096474e-08	c6	GGCT
5.84000967758151e-13	1.49155460889407	0.094	0.024	1.95862244566729e-08	c6	IL17RE
5.99898873879088e-13	0.414548814732236	0.855	0.602	2.01194084321568e-08	c6	NDUFB9
6.44652468475263e-13	0.629634191094125	0.41	0.236	2.16203544877234e-08	c6	FURIN
7.20068664892586e-13	2.5425369343703	0.071	0.015	2.41496628831675e-08	c6	SPRY1
7.74803093330957e-13	0.75128479233462	0.428	0.257	2.59853461441336e-08	c6	CHCHD5
8.30521275032377e-13	0.406308700396858	0.617	0.396	2.78540225220358e-08	c6	EBP
8.64973601271683e-13	0.476629933242756	0.758	0.513	2.90094846394497e-08	c6	ERH
8.94227666427625e-13	0.662318578491026	0.416	0.244	2.99906074766497e-08	c6	UBE2E3
9.82689544691851e-13	0.629014878394548	0.587	0.402	3.29574419498753e-08	c6	LSM7
1.03418233250072e-12	0.772359628923666	0.478	0.311	3.46844070674092e-08	c6	COPZ1
1.05604088995244e-12	0.378254435302308	0.755	0.519	3.54174993672248e-08	c6	RPS20
1.11412736740989e-12	0.576336387750623	0.51	0.325	3.7365603648193e-08	c6	ENY2
1.18667287478817e-12	0.418565920146362	0.555	0.34	3.97986348746458e-08	c6	GDE1
1.19476746894837e-12	0.431095420232332	0.708	0.485	4.00701113735904e-08	c6	SLC9A3R1
1.37792757836413e-12	0.176220265520025	0.516	0.3	4.62129351231763e-08	c6	DPP4
1.58492256249472e-12	0.795455107653841	0.419	0.255	5.31551329009479e-08	c6	JOSD2
1.73719486598609e-12	0.593897544937737	0.386	0.216	5.82620414154414e-08	c6	FKBP11
1.83720850475182e-12	0.411708780980669	0.82	0.555	6.16162988323665e-08	c6	COX5B
2.07772551343813e-12	1.01984468822711	0.165	0.062	6.96827582696878e-08	c6	SIRPG
2.50349719679653e-12	0.676608756859978	0.481	0.307	8.3962288986162e-08	c6	NDUFB6
2.71225655487318e-12	3.55048575583214	0.035	0.004	9.09636603373367e-08	c6	TMEM98
2.84494137446047e-12	0.616980766846524	0.487	0.314	9.54136438166554e-08	c6	BUD31
2.94554049935137e-12	0.449797244129357	0.732	0.501	9.87875372672461e-08	c6	RBM8A
3.0288730025809e-12	2.03732515506998	0.091	0.024	1.01582342760558e-07	c6	ME1
3.09456011715796e-12	0.382934945729568	0.72	0.489	1.03785357209244e-07	c6	SELENOK
3.30163245944894e-12	0.670089639801758	0.466	0.295	1.10730149424999e-07	c6	ZNRD1
3.30688810894796e-12	0.661580619470165	0.499	0.32	1.10906413397897e-07	c6	RHEB
3.51054761935866e-12	0.480042457335089	0.705	0.475	1.17736746058051e-07	c6	ATP6V1F
3.69005724055215e-12	0.502480297535678	0.637	0.427	1.23757139733638e-07	c6	C9orf16
3.70709252820357e-12	0.856771492832599	0.336	0.185	1.24328469210891e-07	c6	MED8
3.87207864056378e-12	0.711471045292454	0.49	0.314	1.29861773447228e-07	c6	SS18L2
4.26018536018882e-12	0.811548688207849	0.404	0.245	1.42878096610013e-07	c6	NDUFA8
4.34231653071509e-12	1.04405872012828	0.236	0.11	1.45632611807123e-07	c6	GPKOW
4.88008175632671e-12	0.702704696158263	0.383	0.223	1.63668181943685e-07	c6	SYNJ2
4.91789227807747e-12	0.794057258500063	0.339	0.191	1.64936271222162e-07	c6	PBDC1
5.43741697273914e-12	1.57476267627838	0.127	0.043	1.82360090431725e-07	c6	MLLT11
5.92342122892214e-12	0.755295045131777	0.413	0.254	1.98659701175591e-07	c6	CHCHD1
5.99457081331524e-12	2.06972247346528	0.068	0.014	2.01045915936966e-07	c6	AC013264.1
6.37654392215082e-12	0.657048523212298	0.454	0.283	2.13856530061094e-07	c6	POLR2K
6.73074793031081e-12	1.28916252512508	0.257	0.129	2.25735824086764e-07	c6	MSC
6.96271844263043e-12	0.651529341411686	0.448	0.28	2.33515651128939e-07	c6	MRPL13
7.08982126092978e-12	0.444846652410567	0.646	0.436	2.37778425449063e-07	c6	LAMTOR4
7.44918670381676e-12	0.598568173937903	0.357	0.2	2.49830823672606e-07	c6	CCR5
7.66789043302349e-12	0.699877059978079	0.528	0.353	2.57165709342742e-07	c6	MRPL52
8.16095546478404e-12	0.559036313384718	0.537	0.357	2.73702124377927e-07	c6	APOBEC3G
9.02911728264778e-12	0.411089169501988	0.74	0.507	3.02818535425441e-07	c6	C19orf53
9.16763604183431e-12	0.505099914420447	0.543	0.357	3.07464177571039e-07	c6	SEC13
1.09086350529946e-11	0.188079975133244	0.658	0.443	3.65853802407333e-07	c6	CELF2
1.18956587954200e-11	0.516050139166493	0.504	0.319	3.98956604680798e-07	c6	RAB8A
1.19587905610603e-11	0.513786412898576	0.558	0.363	4.0107391783684e-07	c6	TGFB1
1.20475362007975e-11	1.09731377339955	0.251	0.125	4.04050269102346e-07	c6	TRIAP1
1.24533762680179e-11	0.545539498517678	0.537	0.359	4.17661333276786e-07	c6	MRPS15
1.2923439204829e-11	0.457165998746331	0.552	0.356	4.33426304051554e-07	c6	PSMA6
1.31361724018032e-11	0.585099058208167	0.478	0.305	4.40560950011675e-07	c6	G3BP2
1.35020548465027e-11	1.56837888074311	0.118	0.039	4.52831915442008e-07	c6	ADGRG5
1.42517485293589e-11	0.737541667414716	0.422	0.262	4.77975142177639e-07	c6	HIKESHI
1.47102533219706e-11	0.924603443927458	0.366	0.22	4.9335247591225e-07	c6	SNRNP25
1.50226261885869e-11	0.573454519565606	0.543	0.36	5.03828837112828e-07	c6	PHB
1.65164941515127e-11	0.62460761563462	0.513	0.326	5.53930180853431e-07	c6	H2AFJ
1.66413122670228e-11	0.649517757431129	0.454	0.285	5.58116330811412e-07	c6	CENPX
1.69861385333651e-11	0.701128246798612	0.342	0.191	5.69681114131998e-07	c6	ERG28
1.70890489046003e-11	0.362573733513508	0.894	0.641	5.73132522162485e-07	c6	EDF1
1.76066949449931e-11	0.550848075186415	0.581	0.391	5.9049333506518e-07	c6	UQCR11
1.7761932136005e-11	0.425366546094938	0.711	0.483	5.95699679977337e-07	c6	PSMA5
2.09872312665449e-11	2.72125037692623	0.068	0.015	7.03869762217383e-07	c6	PTGIS
2.11565883535067e-11	0.408343015886118	0.779	0.556	7.09549660199908e-07	c6	WDR83OS
2.13308494551425e-11	0.829355164082736	0.342	0.197	7.1539402902657e-07	c6	ZCRB1
2.18786438042743e-11	0.667175152190678	0.416	0.255	7.33765955907751e-07	c6	CASP4
2.19021112771606e-11	0.57629343478757	0.445	0.271	7.34553008013411e-07	c6	PTMS
2.30333370344906e-11	0.478003356170157	0.552	0.36	7.72492057462746e-07	c6	SIVA1
2.46294023319637e-11	1.19795599130126	0.171	0.07	8.260208954094e-07	c6	TBX21
2.60937528652606e-11	0.603537446072935	0.54	0.366	8.75132283595111e-07	c6	UFD1
2.65247047274221e-11	0.813236527349575	0.342	0.196	8.89585547148281e-07	c6	CISD1
2.66127337816489e-11	0.611809648550418	0.531	0.354	8.92537865568942e-07	c6	CLTB
2.84633869627727e-11	0.49524262637557	0.504	0.322	9.54605071957472e-07	c6	GALM
2.85783290277206e-11	5.88045826978634	0.018	0.001	9.58459998931692e-07	c6	KRT83
3.10607529229852e-11	0.359985832019465	0.847	0.609	1.04171553153108e-06	c6	PPDPF
3.21811198346962e-11	0.335952124287777	0.743	0.542	1.07929039701604e-06	c6	MTDH
3.62458294571063e-11	0.530111946182368	0.519	0.343	1.21561262833243e-06	c6	COX17
3.71280748258295e-11	0.740506289670212	0.23	0.11	1.24520137350867e-06	c6	PDK3
3.75116557488258e-11	0.336009647187115	0.826	0.579	1.25806591050412e-06	c6	SERP1
4.01683078787156e-11	0.442780799638724	0.596	0.401	1.34716470963636e-06	c6	TCEA1
4.33539492726635e-11	0.60169754605275	0.463	0.291	1.45400475070659e-06	c6	NDUFA3
4.38818879169919e-11	0.581677900514773	0.581	0.415	1.47171075696008e-06	c6	C11orf58
4.42774295527912e-11	0.357383430660298	0.676	0.452	1.48497643234151e-06	c6	NDUFAF3
4.69083197540593e-11	0.336152389086964	0.935	0.722	1.57321122791164e-06	c6	YBX1
4.9358504170591e-11	0.262344198257823	0.678	0.462	1.65538551287328e-06	c6	STMN1
5.38012437355438e-11	0.399042899264437	0.661	0.451	1.80438611240267e-06	c6	COMMD6
5.44903045571733e-11	0.470433128883528	0.602	0.402	1.82749583423848e-06	c6	SNRPD1
5.52427920734582e-11	0.450077904773997	0.555	0.364	1.85273276055964e-06	c6	PSMD4
5.73808671679506e-11	1.15663789538643	0.239	0.121	1.92443952307873e-06	c6	CDIP1
5.90780945073307e-11	0.521863702750886	0.537	0.355	1.98136113358686e-06	c6	MEA1
5.93701069487583e-11	0.531412534836627	0.478	0.304	1.99115464684746e-06	c6	PHPT1
5.97053482143512e-11	0.474839539720219	0.534	0.353	2.00239796841291e-06	c6	DNAJC15
6.14570320348258e-11	1.05653836829848	0.23	0.112	2.06114594038399e-06	c6	PDLIM7
6.89378462415942e-11	0.516509405598688	0.596	0.411	2.31203748725059e-06	c6	ATP5MD
7.01897705895447e-11	0.510988891929498	0.519	0.341	2.35402452603215e-06	c6	NUDT5
7.25169316975386e-11	0.561210491952288	0.451	0.285	2.43207285527205e-06	c6	MRPS16
7.46427070238633e-11	0.29467368215108	0.729	0.495	2.50336710816633e-06	c6	GYPC
7.70426113332492e-11	0.939263075104428	0.121	0.041	2.58385509889451e-06	c6	MCTP2
7.79365325730913e-11	0.577770756531	0.572	0.4	2.61383542943634e-06	c6	MRPL57
8.13082000446347e-11	0.507201371059235	0.499	0.318	2.72691441309696e-06	c6	SNRPF
8.77203927003152e-11	0.521318561924436	0.566	0.389	2.94196653038317e-06	c6	ENSA
8.91915527050834e-11	0.492764913936962	0.625	0.428	2.99130629462309e-06	c6	TBCB
8.97526307729154e-11	0.307255775973296	0.982	0.77	3.01012373086204e-06	c6	ARPC2
9.24036579470643e-11	0.524667196006576	0.54	0.36	3.09903388022864e-06	c6	RPL22L1
9.32191030046692e-11	0.3804401541919	0.611	0.413	3.1263822765706e-06	c6	SHISA5
9.80752160640303e-11	0.415582617283142	0.699	0.486	3.28924659635545e-06	c6	SAP18
1.04369387134521e-10	0.46806642837695	0.611	0.415	3.50034050571757e-06	c6	RALY
1.04952158974688e-10	2.13201238376658	0.062	0.014	3.51988550769307e-06	c6	AP002884.1
1.05498575157888e-10	0.556621831334162	0.525	0.349	3.53821121364523e-06	c6	SRA1
1.06734787023015e-10	0.503677393298881	0.622	0.432	3.57967128717787e-06	c6	UBE2I
1.08255825697105e-10	0.938955889826774	0.201	0.092	3.63068388222952e-06	c6	RNF157
1.08413851978082e-10	0.262360710079485	0.746	0.506	3.63598376764092e-06	c6	CD63
1.1331083913312e-10	0.424194220225545	0.673	0.46	3.80021892284657e-06	c6	TBCA
1.13828668026791e-10	0.319905454069028	0.965	0.731	3.81758586828251e-06	c6	BTF3
1.18735241143222e-10	0.874821159112002	0.319	0.182	3.98214251746139e-06	c6	EXOSC3
1.25988942016648e-10	0.380154055352079	0.788	0.568	4.22541713735433e-06	c6	UBE2D3
1.27772573617546e-10	1.24480098410202	0.133	0.049	4.28523657398525e-06	c6	ERMP1
1.28187017961655e-10	0.474294348817539	0.552	0.367	4.299136208398e-06	c6	SF3B5
1.29479536456063e-10	0.525435942917813	0.516	0.341	4.34248469366345e-06	c6	UBE2A
1.33558724166958e-10	0.885788266541174	0.165	0.068	4.47929249111143e-06	c6	GK5
1.37330139564901e-10	0.567121004951044	0.522	0.349	4.60577822072765e-06	c6	MZT2A
1.41408265499417e-10	0.44330087257068	0.631	0.445	4.74255040831944e-06	c6	GTF3A
1.41971072809963e-10	0.521549370597443	0.507	0.338	4.76142583990054e-06	c6	PSMC4
1.46296068412721e-10	0.337387462969369	0.805	0.547	4.90647754242582e-06	c6	TALDO1
1.77250004835799e-10	0.472737395974792	0.555	0.371	5.94461066218303e-06	c6	NEDD8
1.8281667541701e-10	1.31963603566642	0.1	0.031	6.13130566013566e-06	c6	AC022706.1
1.84121255416471e-10	0.900889223100311	0.18	0.078	6.1750586641576e-06	c6	IL12RB2
1.90942576243037e-10	0.281196928011952	0.791	0.559	6.40383212203899e-06	c6	ARL6IP4
1.94107015866939e-10	0.349748934654071	0.737	0.506	6.50996109814541e-06	c6	YWHAQ
1.94388540187124e-10	0.758179787007499	0.407	0.256	6.51940286079576e-06	c6	ANKRD39
2.01768615923862e-10	0.573081768831552	0.504	0.34	6.76691584085449e-06	c6	FAM96A
2.10033127394165e-10	0.557147898404739	0.339	0.193	7.04409102654551e-06	c6	PTPRE
2.1335649445205e-10	0.794707786524086	0.342	0.202	7.15555011093287e-06	c6	BLOC1S2
2.13773159656958e-10	0.404004046730049	0.608	0.406	7.16952422857506e-06	c6	GTF3C6
2.2028382615428e-10	0.305795069418312	0.971	0.753	7.38787896156225e-06	c6	UBA52
2.27916190532593e-10	0.639886532383579	0.375	0.23	7.64385319808209e-06	c6	ABT1
2.30949431709363e-10	1.51231833356544	0.083	0.023	7.74558204066861e-06	c6	LTB4R
2.37466788798387e-10	0.308015620688272	0.85	0.622	7.96416116272031e-06	c6	RPL31
2.42120912656837e-10	0.419291264388961	0.661	0.467	8.12025116868501e-06	c6	FKBP8
2.46254378855059e-10	0.372684856010113	0.596	0.404	8.25887935804096e-06	c6	SMDT1
2.47400326850828e-10	0.725236947084536	0.268	0.143	8.29731216192305e-06	c6	C21orf91
2.53762973674108e-10	0.484689207019024	0.389	0.236	8.51070261108225e-06	c6	FAM107B
2.8759016870785e-10	0.524311850297818	0.463	0.302	9.64519907812387e-06	c6	IFI35
2.94740019009281e-10	0.528821760047058	0.466	0.306	9.88499075753326e-06	c6	STOML2
3.05249027292414e-10	0.511141250517825	0.552	0.37	1.0237441877333e-05	c6	MMADHC
3.26025560310617e-10	0.157350817176017	0.327	0.178	1.09342452416975e-05	c6	CBLB
3.266790944526e-10	0.423380519295966	0.569	0.382	1.09561634697513e-05	c6	SNX3
3.29690861115197e-10	0.262805795134153	0.997	0.861	1.10571721000815e-05	c6	CORO1A
3.35761813946138e-10	1.18522097508208	0.204	0.098	1.12607797161256e-05	c6	BOLA2-SMG1P6
3.37759873523622e-10	2.01367549898086	0.071	0.018	1.13277906382352e-05	c6	SCRN1
3.53302490370276e-10	0.631095877313478	0.354	0.213	1.18490589220383e-05	c6	RTCA
3.68481326507177e-10	0.390727113064114	0.699	0.472	1.23581267283977e-05	c6	FKBP1A
3.73909853070557e-10	0.546250937326792	0.448	0.287	1.25401886522803e-05	c6	PTP4A2
4.10115081873243e-10	1.24635005660745	0.127	0.047	1.37544396158648e-05	c6	UBXN10-AS1
4.12123929425833e-10	0.432917744946218	0.625	0.437	1.38218123450836e-05	c6	GABARAPL2
4.12649985355881e-10	0.382776738263957	0.59	0.401	1.38394552088656e-05	c6	SSBP1
4.1779507118844e-10	0.412031595558634	0.9	0.693	1.40120110975179e-05	c6	RAN
4.19573122713636e-10	0.356287167798865	0.785	0.551	1.40716433895699e-05	c6	ANXA5
4.37674636637606e-10	1.16482981466071	0.206	0.096	1.4678731963552e-05	c6	ALDOC
4.41410519599939e-10	0.727882274274687	0.307	0.172	1.48040260063427e-05	c6	GLO1
4.64066895693269e-10	0.451559651878814	0.522	0.346	1.55638755477609e-05	c6	PDCD5
4.81683983820608e-10	0.361056720395281	0.749	0.532	1.61547174493756e-05	c6	HIGD2A
4.81869846851346e-10	0.462363266802851	0.593	0.408	1.61609509237004e-05	c6	DUT
4.86450208778196e-10	0.489586934838981	0.525	0.363	1.63145671020031e-05	c6	BZW1
4.90216659710596e-10	0.252419450278045	0.723	0.512	1.6440886333374e-05	c6	WIPF1
5.04945973067799e-10	0.449152431611868	0.351	0.204	1.69348780447478e-05	c6	CDC42EP3
5.21158972966173e-10	0.389884798692877	0.637	0.448	1.74786296353395e-05	c6	DOK2
5.48499775378546e-10	0.463528479520273	0.581	0.394	1.83955854666457e-05	c6	ANAPC11
5.7958919358518e-10	1.05909955917507	0.209	0.102	1.94382623744598e-05	c6	PTRH1
5.85836356355851e-10	0.330514458603347	0.549	0.363	1.96477797194625e-05	c6	IMP3
6.05533610512192e-10	0.554156855878515	0.401	0.251	2.03083862293579e-05	c6	THYN1
6.49493333459185e-10	0.334429784557063	0.563	0.383	2.17827074175541e-05	c6	GLIPR1
7.20239788284599e-10	0.356339476385855	0.767	0.529	2.41554020194889e-05	c6	JPT1
7.24213047684292e-10	0.442859558527078	0.378	0.224	2.42886571932358e-05	c6	CLEC2B
7.32097146464163e-10	0.653545534365606	0.363	0.222	2.45530740981151e-05	c6	UBE2V2
7.42370629338774e-10	0.623206176798999	0.401	0.252	2.48976261667638e-05	c6	COA4
8.55042337197287e-10	0.740428015818146	0.378	0.239	2.86764099049226e-05	c6	MRPL11
8.73397089655541e-10	0.779802383722249	0.292	0.166	2.92919915928675e-05	c6	MAP2K3
9.7455904656613e-10	0.317784227258385	0.357	0.211	3.26847613037349e-05	c6	TNFRSF1A
9.80096924885817e-10	0.37943280599025	0.445	0.285	3.28704906668205e-05	c6	TSC22D4
9.83848720662828e-10	0.513558627853212	0.46	0.299	3.29963183935899e-05	c6	KXD1
1.02430904420112e-09	0.481793585287191	0.619	0.444	3.43532767244171e-05	c6	RTRAF
1.0455219666568e-09	0.381451930548548	0.649	0.462	3.50647157177359e-05	c6	TRAC
1.07513614364063e-09	0.437412237937286	0.655	0.466	3.60579159854196e-05	c6	ATP5F1C
1.12203069075677e-09	0.59995120104506	0.44	0.289	3.76306653066005e-05	c6	CCDC124
1.15064169289752e-09	0.461346456796724	0.496	0.331	3.8590221096397e-05	c6	IAH1
1.23229302279592e-09	0.257858443411723	0.501	0.324	4.13286433985294e-05	c6	DHRS7
1.23529428239978e-09	0.483104757830019	0.475	0.311	4.14292996431237e-05	c6	LSM10
1.28977664946628e-09	0.283980315965026	0.72	0.505	4.32565292698001e-05	c6	SELENOH
1.32729798491555e-09	0.366791781755839	0.602	0.428	4.45149198180977e-05	c6	MCL1
1.52509848722375e-09	0.353413990938781	0.578	0.39	5.11487530645101e-05	c6	FIS1
1.61228890660217e-09	0.522581025793531	0.434	0.28	5.40729453496237e-05	c6	MRPL43
1.66492159584551e-09	0.529657530688996	0.504	0.346	5.58381404814668e-05	c6	TADA3
1.66697209673671e-09	0.678660853257663	0.416	0.269	5.59069101803558e-05	c6	ACAT2
1.86448105950565e-09	0.314296140873993	0.959	0.737	6.25309657737006e-05	c6	RPL35
1.87990845426018e-09	0.49383475050907	0.525	0.362	6.30483697389779e-05	c6	BANF1
1.91832789134988e-09	0.857130970215383	0.153	0.065	6.43368808200923e-05	c6	CREB3L2
1.94378882693001e-09	0.460926389849134	0.475	0.309	6.51907896775786e-05	c6	MRPL27
1.97670668925566e-09	0.518960605381806	0.386	0.24	6.62947889442562e-05	c6	PRPF38A
2.10209224920338e-09	0.457534120401706	0.528	0.359	7.04999698537828e-05	c6	ATP5MPL
2.19807665111679e-09	0.308326726044704	0.897	0.656	7.3719094725155e-05	c6	EIF3K
2.26988025901838e-09	0.461964678018602	0.566	0.391	7.61272441269583e-05	c6	CARHSP1
2.37381134436771e-09	0.55071823967463	0.466	0.305	7.96128848674044e-05	c6	GNA15
2.38736087669662e-09	0.934728618786954	0.097	0.032	8.00673090826511e-05	c6	DUSP5
2.50203285760614e-09	0.448314709860305	0.475	0.317	8.39131779783947e-05	c6	SF3B4
2.76412363317375e-09	0.247433335112558	0.378	0.225	9.27031784093811e-05	c6	MX1
2.81650186258619e-09	1.33898045182092	0.115	0.043	9.44598394674156e-05	c6	C22orf34
2.96138205600584e-09	0.94069835964924	0.26	0.142	9.93188313943239e-05	c6	UHRF1
3.0442037278402e-09	0.568844790442178	0.428	0.284	0.000102096504624305	c6	SNRPE
3.06321091738867e-09	0.413870295998723	0.392	0.241	0.000102733967747381	c6	FAAP20
3.26666472520204e-09	0.889189230286843	0.265	0.149	0.000109557401553826	c6	ELOF1
3.28416961409268e-09	0.522123137473372	0.283	0.159	0.00011014448051744	c6	FTSJ3
3.40806827414798e-09	0.485500973523953	0.549	0.375	0.000114299793778375	c6	COX7A2L
3.48443550150635e-09	0.494892341953599	0.304	0.174	0.00011686099784952	c6	RNASEK
3.4899066884389e-09	0.740818948411284	0.298	0.175	0.000117044490516864	c6	ZNF428
3.58172487932009e-09	0.605698492953361	0.398	0.26	0.000120123889002637	c6	ZBTB8OS
3.67291280519561e-09	0.272788000367529	0.879	0.649	0.00012318214966065	c6	GPSM3
4.01376168871484e-09	0.279894808563044	0.558	0.377	0.000134613539516118	c6	LITAF
4.01718777223469e-09	0.269728337073329	0.882	0.633	0.000134728443505207	c6	CAPZB
4.05782864730005e-09	0.359918547525979	0.74	0.525	0.000136091457173149	c6	NDUFB10
4.07068601318752e-09	0.306080894422716	0.619	0.418	0.000136522667510283	c6	PRDX6
4.27092716267715e-09	0.642351487748518	0.307	0.18	0.000143238355181866	c6	AP3S1
4.69660932062933e-09	0.952033218170039	0.233	0.126	0.000157514883395267	c6	GEMIN7
4.74477928874384e-09	0.850238323955409	0.277	0.161	0.000159130407785891	c6	ZMAT5
5.01233749508882e-09	0.580997039110256	0.413	0.272	0.000168103774910289	c6	PPP1R11
6.10376129665914e-09	0.28804467809013	0.77	0.554	0.000204707946367354	c6	ARPC5
6.18283243011197e-09	0.280013648793526	0.767	0.55	0.000207359834041095	c6	ATP6V1G1
6.23179933791585e-09	1.38883559831717	0.121	0.047	0.000209002086195022	c6	ZNF880
6.31423801820639e-09	0.445611927575331	0.407	0.264	0.000211766914654606	c6	LSM6
6.34380643072746e-09	0.760025562704758	0.286	0.167	0.000212758580073738	c6	ISCA2
6.36324598359112e-09	2.69675030860932	0.047	0.01	0.000213410543797679	c6	AC011611.3
6.37440897140415e-09	0.354960725821309	0.581	0.401	0.000213784928082952	c6	RGS19
6.41486706968822e-09	0.890790192302437	0.271	0.156	0.000215141811783204	c6	DCTN5
6.54622409927288e-09	0.483555831776518	0.422	0.276	0.000219547263841414	c6	PSMB7
7.19464496278583e-09	1.46456895956875	0.1	0.036	0.000241294002761911	c6	ADAM12
7.87065283612288e-09	0.346579228378372	0.584	0.41	0.000263965954817889	c6	RNF181
8.03126454831285e-09	1.00840388306727	0.145	0.062	0.000269352550421316	c6	NR2C2AP
8.04596348388894e-09	0.609595930240786	0.271	0.151	0.000269845523322667	c6	POLE3
8.38458963458729e-09	4.84829467154927	0.018	0.001	0.000281202367164788	c6	ATP6V1B1-AS1
8.51424791366672e-09	1.15441434894175	0.168	0.079	0.000285550846528554	c6	UCK2
8.95561014147197e-09	0.395832777943099	0.637	0.459	0.000300353252924687	c6	PRDX3
8.98956950847069e-09	0.881553841792579	0.233	0.127	0.00030149218217509	c6	BBIP1
9.05787330836865e-09	0.988220517774237	0.227	0.121	0.000303782955016068	c6	UQCRHL
9.22158500394618e-09	0.788506151886723	0.274	0.158	0.000309273517862347	c6	LYRM1
9.37916910911152e-09	1.92833498498218	0.056	0.014	0.000314558573581382	c6	NCS1
9.80967778685335e-09	0.930975772334124	0.212	0.111	0.000328996973615488	c6	PXK
1.01472187298821e-08	0.471501889624444	0.386	0.245	0.000340317421762785	c6	NDUFB1
1.03038942689429e-08	0.104567731981966	0.667	0.47	0.000345572005991808	c6	PRMT2
1.03496328517934e-08	0.28126665140054	0.773	0.583	0.000347105986583449	c6	HCLS1
1.03901507745592e-08	0.442579225106903	0.389	0.25	0.000348464876677166	c6	ARL5A
1.04695323166057e-08	0.19805153702296	0.254	0.134	0.000351127174834323	c6	IFNGR1
1.18901175993224e-08	0.385531560221368	0.587	0.419	0.000398770764046074	c6	UQCRFS1
1.23292002645095e-08	0.193152445162559	0.876	0.642	0.000413496718471119	c6	REEP5
1.241004620742e-08	0.839501439107264	0.268	0.153	0.000416208129704452	c6	NINJ2
1.24535536225953e-08	0.109078430070872	0.944	0.782	0.000417667281394601	c6	PPIB
1.28764024563104e-08	1.32587594390582	0.136	0.058	0.000431848785579738	c6	TMPRSS3
1.31353404341046e-08	0.460409856179803	0.501	0.351	0.000440533047479001	c6	RNASEH2C
1.32156389362707e-08	0.209385447573018	0.696	0.479	0.000443226098644648	c6	EID1
1.37446275170309e-08	0.632595423477179	0.437	0.299	0.000460967317666184	c6	SLBP
1.38197932633551e-08	0.248693549920808	0.808	0.555	0.000463488226466402	c6	CSTB
1.38615843176381e-08	0.646814563198576	0.283	0.166	0.000464889814844947	c6	RNASEH1
1.51297537913043e-08	0.28556801422531	0.723	0.535	0.000507421682652765	c6	SPCS1
1.51471960787317e-08	0.286345990892261	0.475	0.315	0.000508006662088503	c6	DNAJB6
1.52898935722723e-08	0.338280627438973	0.466	0.309	0.000512792450626868	c6	ZC3H15
1.60592736583573e-08	1.13463077759024	0.118	0.047	0.000538595919953988	c6	FAM117A
1.61988680272322e-08	0.773436542224485	0.245	0.136	0.000543277635897313	c6	GET4
1.67658441204267e-08	0.268875696534886	0.785	0.556	0.00056229288011087	c6	CDC37
1.74911774249392e-08	0.996312066771802	0.15	0.067	0.00058661910847761	c6	SRD5A3
1.759404290738e-08	0.404339406063011	0.478	0.327	0.000590069011027709	c6	CDC123
1.77256691352681e-08	0.297204984473131	0.764	0.574	0.000594483491458621	c6	DAZAP2
1.7883382799267e-08	0.522517019838791	0.212	0.11	0.000599772892321817	c6	OAS3
1.79327080676484e-08	1.17216167416698	0.097	0.035	0.000601427163172791	c6	ATP2B1-AS1
1.84762670871896e-08	0.516252123964571	0.245	0.135	0.000619657045570165	c6	SEC22B
1.94685226370649e-08	0.523083045922928	0.416	0.278	0.000652935312201883	c6	TIMM17B
1.95164101726853e-08	0.589559181660082	0.263	0.147	0.000654541364371518	c6	BLOC1S4
1.97982676465884e-08	0.239159083140745	0.643	0.428	0.000663994300331282	c6	HMGB2
2.0001395480589e-08	0.675549840179097	0.351	0.224	0.000670806801627995	c6	BOLA3
2.04768885151793e-08	0.761427979926065	0.177	0.085	0.000686753887022083	c6	RTP4
2.14986324830333e-08	0.336157373196723	0.667	0.468	0.00072102113621597	c6	PPP4C
2.21135990612228e-08	1.0723370218975	0.077	0.024	0.000741645885315289	c6	EPAS1
2.23143508847076e-08	0.67657973836581	0.206	0.105	0.000748378699971322	c6	PRKCB
2.27424344373717e-08	0.410680557743188	0.504	0.349	0.000762735766160571	c6	PSMG2
2.29612900858296e-08	0.348754839850212	0.558	0.395	0.000770075746898554	c6	ANP32A
2.32030336468517e-08	1.0274018266312	0.189	0.096	0.000778183342448113	c6	AC084033.3
2.51575323893983e-08	0.610099697016602	0.348	0.225	0.000843733321275639	c6	URM1
2.52251531978324e-08	0.460733360836532	0.499	0.359	0.000846001187948904	c6	MOB1A
2.52607211473976e-08	0.544551468935641	0.324	0.198	0.00084719406584142	c6	POLR3GL
2.56344104279269e-08	0.366713502745613	0.46	0.307	0.000859726856931812	c6	MAP1LC3B
2.62973874853377e-08	1.11617960559423	0.106	0.04	0.000881961781483256	c6	SLC27A2
2.78106449379477e-08	0.341578121745021	0.522	0.359	0.000932713409928888	c6	MLF2
2.79913276117256e-08	1.15979922358786	0.08	0.026	0.000938773145442052	c6	NCALD
2.8367488329527e-08	0.670249946787392	0.289	0.173	0.000951388823595677	c6	CMC1
2.92619328042786e-08	0.242684533489467	0.245	0.13	0.000981386702389897	c6	PARP8
3.03972051346056e-08	1.32326314857118	0.086	0.029	0.0010194614658044	c6	TRGV4
3.10157335151513e-08	0.588282421982004	0.204	0.105	0.00104020567063115	c6	MMP25-AS1
3.17745136251542e-08	0.613776237293809	0.313	0.195	0.00106565363796042	c6	FAM136A
3.23035031956526e-08	0.47817238154672	0.389	0.251	0.0010833948901758	c6	TIMM13
3.28095608300082e-08	0.396755338352961	0.537	0.379	0.00110036705111681	c6	H2AFY
3.38505977552387e-08	0.928570416356719	0.183	0.091	0.0011352813475152	c6	UAP1
3.38646870240724e-08	0.720116188624539	0.248	0.141	0.00113575387341334	c6	ZPR1
3.45120855030028e-08	0.34695945129955	0.652	0.454	0.00115746632359971	c6	CACYBP
3.46311668456628e-08	0.499432445264214	0.431	0.291	0.00116146007366984	c6	TIMM17A
3.48983929289636e-08	0.804200774751377	0.345	0.226	0.00117042230205158	c6	ANAPC15
3.52475410013512e-08	0.43091086699033	0.448	0.308	0.00118213203010332	c6	SH3GLB1
3.54553246706971e-08	0.607007618999909	0.336	0.213	0.00118910067880584	c6	VBP1
3.78213411630641e-08	0.98474492500437	0.088	0.03	0.00126845213992684	c6	ECM1
3.81170810226868e-08	1.04929241417615	0.077	0.024	0.00127837066333887	c6	AC006369.1
3.82720428784293e-08	0.437476078095897	0.451	0.303	0.00128356777405676	c6	RPA2
3.84830357615955e-08	0.388654406096084	0.319	0.191	0.00129064405337239	c6	SYTL1
3.93565456361522e-08	1.25655454351023	0.118	0.048	0.00131993982754527	c6	PTPRN2
4.02443157816226e-08	0.217854054127651	0.59	0.415	0.00134971386268406	c6	SSR3
4.41753485610926e-08	0.30332651940338	0.381	0.237	0.00148155284004192	c6	IL12RB1
4.44080727170245e-08	0.30922803677337	0.617	0.433	0.00148935794278357	c6	POLR2E
4.55030490976599e-08	0.815251593676371	0.242	0.138	0.00152608126063732	c6	CHMP2B
4.6443145243186e-08	0.713214671058479	0.209	0.112	0.00155761020516597	c6	CCNC
4.78411249737595e-08	0.439490708993159	0.428	0.287	0.00160449564936995	c6	TMEM14B
5.04669338717333e-08	0.184592939651655	0.516	0.354	0.00169256002819019	c6	MYO1F
5.11845963694506e-08	0.802668564882298	0.28	0.169	0.00171662899303864	c6	PSMG3
5.39445782620557e-08	0.663235227626151	0.319	0.2	0.00180919326575283	c6	SMIM37
5.41065731083796e-08	0.800121746608434	0.292	0.178	0.00181462624890883	c6	DHFR
5.50216719646144e-08	0.379338063784053	0.484	0.33	0.00184531683434924	c6	TMED2
5.65854410436529e-08	0.615427159819367	0.327	0.208	0.00189776252172203	c6	VMA21
5.75335089631052e-08	0.275858451221464	0.696	0.481	0.00192955882360462	c6	DYNLRB1
5.8193486583791e-08	0.67905615077356	0.319	0.202	0.00195169315304718	c6	AMZ2
6.17184600966344e-08	0.368666728925136	0.549	0.386	0.00206991371472093	c6	NUDT21
6.4164165737974e-08	0.336781991075219	0.578	0.415	0.00215193779052017	c6	VPS28
6.49259286408029e-08	0.775294277248638	0.274	0.168	0.00217748579475525	c6	MRPS23
6.52291082079295e-08	0.328654971076302	0.457	0.308	0.00218765383107754	c6	MLEC
6.55534901784679e-08	0.387340351953997	0.46	0.317	0.00219853295360546	c6	COMT
6.62315139528333e-08	1.31770896339897	0.112	0.046	0.00222127251495012	c6	MREG
6.77694178109441e-08	0.171086379163874	1	0.797	0.00227285073454344	c6	RPL12
6.99600638061996e-08	0.502109086796431	0.381	0.252	0.00234632061993232	c6	COMMD1
7.05853985083242e-08	0.545376787921791	0.336	0.214	0.00236729309517218	c6	MRPL22
7.28213469720711e-08	2.06929983430317	0.024	0.003	0.00244228233474932	c6	MILR1
7.4943255485227e-08	2.53965800474793	0.024	0.003	0.00251344690246354	c6	RAB6B
8.15373734160354e-08	0.851772835314083	0.251	0.148	0.002734600429627	c6	ACOT13
8.23035385083353e-08	0.695269573440399	0.221	0.121	0.00276029607449255	c6	TBPL1
8.25993559177469e-08	0.832461242813644	0.254	0.149	0.00277021719876939	c6	TMEM141
8.28886185291704e-08	0.318465537829724	0.699	0.499	0.00277991848823132	c6	RBX1
8.30481181633503e-08	0.706749503225705	0.263	0.153	0.00278526778696244	c6	GCH1
8.31527604178391e-08	0.339172573299957	0.487	0.332	0.00278877727889349	c6	KDELR2
8.36017872066525e-08	0.306351555302927	0.572	0.394	0.00280383673933671	c6	LSM4
8.57156599861028e-08	0.40429911370432	0.174	0.085	0.00287473180461392	c6	SPIDR
8.84024390482496e-08	0.605287298821553	0.257	0.148	0.0029648410008002	c6	DUSP11
8.88920360284122e-08	1.2979563404149	0.068	0.021	0.00298126110432089	c6	PLD1
8.93587440846306e-08	0.29527985915349	0.596	0.43	0.00299691355911034	c6	VDAC3
8.94236158990363e-08	0.604647566933615	0.336	0.22	0.00299908923002188	c6	PFDN1
9.17815585254834e-08	0.707449378521531	0.145	0.065	0.00307816990982766	c6	HBEGF
9.20036482420786e-08	0.870496593381659	0.1	0.038	0.00308561835474283	c6	SUPT3H
9.30700064174333e-08	0.428167348475421	0.54	0.385	0.00312138187522788	c6	MRPS21
9.53856418323333e-08	0.335140423729111	0.322	0.195	0.00319904365577279	c6	YARS
9.56452821248792e-08	0.310312490120201	0.752	0.561	0.0032077514719042	c6	ARF1
9.86850736481486e-08	0.339256085051833	0.431	0.286	0.00330970000001161	c6	PTPN6
9.94374634421911e-08	0.342734876312667	0.534	0.379	0.00333493364892421	c6	PSMD11
9.94499097440777e-08	0.831692378110833	0.212	0.116	0.00333535107299688	c6	CAMTA2
9.98159587479973e-08	0.410606267288538	0.419	0.283	0.00334762762449033	c6	TPGS2
1.02778620435909e-07	0.114391814752486	1	0.875	0.00344698937217951	c6	RPS4X
1.0418990804574e-07	0.596960478010841	0.363	0.238	0.00349432113603802	c6	COMMD4
1.04306116589673e-07	0.337621893133683	0.437	0.296	0.00349821853818444	c6	AKR1A1
1.08185313955384e-07	0.326518375622553	0.357	0.226	0.00362831905943568	c6	IRF7
1.09680602326554e-07	0.409114044861353	0.525	0.372	0.00367846804082796	c6	ANP32E
1.09740572665871e-07	0.348576981944814	0.348	0.219	0.00368047932606799	c6	RNF114
1.11181005509784e-07	0.346398870202646	0.472	0.324	0.00372878856278713	c6	GSDMD
1.11774112246319e-07	0.753857333444788	0.165	0.08	0.00374868017651705	c6	DENND3
1.14128081647314e-07	0.246386174467794	0.578	0.412	0.00382762760228763	c6	FLOT1
1.2495327613118e-07	0.386061386307571	0.501	0.352	0.0041906829748875	c6	PIN1
1.25637299480492e-07	0.401618360632506	0.369	0.239	0.00421362374997675	c6	JAGN1
1.27133011001401e-07	0.670811476309894	0.401	0.276	0.004263786922965	c6	POLR2I
1.29864893165005e-07	0.51724878368521	0.245	0.14	0.00435540878696792	c6	NRBF2
1.29868782798941e-07	0.417755201724422	0.499	0.344	0.0043555392375109	c6	ARPC1B
1.3064587285941e-07	0.52969056638579	0.263	0.151	0.00438160128395889	c6	LAIR1
1.35873673549192e-07	0.368144696730538	0.637	0.47	0.00455693126349279	c6	EIF3I
1.44184717205739e-07	0.712889341824683	0.289	0.178	0.00483566704564609	c6	C17orf49
1.52003700467874e-07	0.673313870202642	0.304	0.192	0.00509790010629155	c6	MRPL47
1.60919696746478e-07	0.800729059176462	0.236	0.136	0.00539692478948338	c6	RUVBL1
1.60994934064596e-07	0.304679979552315	0.605	0.437	0.00539944809865842	c6	GHITM
1.61141876848071e-07	0.583478550036993	0.251	0.145	0.0054043762657306	c6	EIF2B1
1.61331771616436e-07	0.635162469223064	0.357	0.237	0.00541074495647202	c6	POP4
1.70899682676019e-07	0.284577476034269	0.767	0.557	0.00573163355758832	c6	RHOG
1.71680865606731e-07	0.219805857626093	0.566	0.394	0.00575783287071855	c6	SOCS1
1.72950336570539e-07	0.199633693464893	0.628	0.434	0.00580040838790273	c6	RPL23
1.94603213966589e-07	0.49597155279687	0.434	0.303	0.00652660259001147	c6	ORAI1
1.95779460881432e-07	0.38963894701626	0.46	0.324	0.00656605155904148	c6	NDUFC1
2.013830011272e-07	0.693493003316846	0.33	0.217	0.00675398309180402	c6	VPS25
2.04313113932939e-07	0.568853082681851	0.336	0.218	0.00685225321508292	c6	GRPEL1
2.08231752637838e-07	0.228472873338404	0.717	0.523	0.00698367651996781	c6	CUTA
2.103073865459e-07	0.303406781529573	0.525	0.371	0.0070532891299764	c6	DGUOK
2.14546120102791e-07	0.520884577887668	0.41	0.279	0.00719544777600741	c6	PSMC2
2.14721273932928e-07	0.255429968155334	0.596	0.431	0.00720132208516255	c6	UXT
2.16760851689233e-07	0.471952575302829	0.457	0.317	0.00726972544395348	c6	PMVK
2.17326507456674e-07	0.170852449229224	0.985	0.838	0.00728869640708194	c6	PKM
2.20442314171531e-07	0.356952133798236	0.401	0.268	0.00739319433268479	c6	ORMDL1
2.25757405866251e-07	3.38021024093314	0.024	0.003	0.00757145187794232	c6	LINC02228
2.26484984838878e-07	0.376989486713265	0.501	0.355	0.00759585342152631	c6	UPP1
2.35320771419842e-07	2.35013416132119	0.047	0.012	0.00789218803187867	c6	ACOT4
2.39198521936018e-07	0.442118443342606	0.484	0.349	0.00802224002869017	c6	APH1A
2.46041502089761e-07	0.495432553648182	0.363	0.241	0.00825173989708639	c6	SMIM26
2.57014113499369e-07	0.752299798353749	0.265	0.16	0.00861973933854183	c6	BCL2L12
2.63922180402689e-07	0.378417617003412	0.49	0.346	0.00885142208634538	c6	MIEN1
2.64671892824321e-07	0.698268893900618	0.336	0.224	0.00887656594154208	c6	TMEM256
2.68469590597412e-07	0.291671395371936	0.493	0.346	0.009003933129456	c6	RTF2
2.75162391802963e-07	0.348123704226002	0.401	0.269	0.00922839629628778	c6	RNF10
2.75950612112317e-07	0.628511511093696	0.313	0.203	0.00925483162902287	c6	NDUFA5
2.76157729492896e-07	0.174075686457997	0.788	0.579	0.00926177793173275	c6	BST2
2.91543654544089e-07	0.556001992588627	0.327	0.21	0.00977779108609966	c6	MCM5
2.94988857705544e-07	0.457445287473	0.206	0.111	0.00989333630972854	c6	POC1B
3.18660412084047e-07	0.167759416720218	0.864	0.646	0.0106872329004748	c6	LCK
3.24951213423612e-07	0.215124390704487	0.702	0.536	0.0108982137958011	c6	PTPN7
3.28591498879874e-07	1.00462925423994	0.115	0.049	0.0110203016894332	c6	MOB3C
3.29090884046914e-07	0.457776513527391	0.265	0.158	0.0110370500691654	c6	CERK
3.35205416972365e-07	0.217814603726793	0.723	0.504	0.0112421192744192	c6	GPX4
3.55559890972913e-07	0.671285717199798	0.283	0.178	0.0119247676234495	c6	BCAS2
3.5656025019141e-07	0.630067712569385	0.322	0.209	0.0119583176709195	c6	BID
3.73142572391664e-07	0.711625266284888	0.112	0.047	0.0125144555928716	c6	CHRM3-AS2
3.85472846464068e-07	3.19479379396937	0.018	0.002	0.0129279883247119	c6	AC024581.1
3.87023252450473e-07	0.600787264722074	0.351	0.237	0.012979985840684	c6	MRPS11
3.87616420341326e-07	3.59764925605797	0.018	0.002	0.0129998795054074	c6	AL139352.1
4.02384946088357e-07	0.247044832377999	0.54	0.387	0.0134951863219113	c6	BATF
4.19767476149483e-07	0.555199881121118	0.301	0.189	0.0140781616151013	c6	SMIM29
4.212584299966e-07	0.386164487655964	0.46	0.323	0.014128165225226	c6	METTL26
4.22469724709995e-07	0.463758049789678	0.33	0.213	0.0141687896273238	c6	HACD4
4.46473976813919e-07	0.510567004735487	0.363	0.245	0.0149738442343852	c6	ASF1A
4.62473583052637e-07	0.514967459222495	0.322	0.207	0.0155104390284193	c6	TUSC2
4.80367296654218e-07	0.580066453468035	0.322	0.208	0.0161105583951892	c6	RAB8B
4.82825589331657e-07	0.133308763835511	1	0.838	0.0161930046150051	c6	RPL29
4.85210131124549e-07	0.207700586547484	0.867	0.672	0.0162729773776551	c6	SSR2
5.07811960935164e-07	0.219693721975243	0.59	0.436	0.0170309975458435	c6	WAS
5.1105911187399e-07	0.410988443422687	0.398	0.267	0.0171399004940299	c6	DESI1
5.31270271211229e-07	0.347473593323364	0.445	0.311	0.0178177423558822	c6	PSTPIP1
5.32918920405151e-07	0.663498813505003	0.254	0.154	0.017873034752548	c6	USB1
5.51583233990449e-07	0.551013017495391	0.124	0.055	0.0184989985015717	c6	IFI44L
5.55678778630545e-07	0.621026131035845	0.274	0.17	0.0186363548777112	c6	BLOC1S1
5.78404324668326e-07	2.18257180299321	0.047	0.012	0.0193985242407263	c6	NFIL3
5.87526697778572e-07	0.785157109893565	0.242	0.145	0.0197044703900977	c6	ARF3
6.05533597150162e-07	0.738971620743326	0.242	0.146	0.0203083857812221	c6	COMMD8
6.06675519284658e-07	0.532260829849158	0.31	0.202	0.0203466835657689	c6	POLE4
6.20960111229942e-07	0.356406936600945	0.445	0.32	0.0208257602104298	c6	SUCLG1
6.21964086560797e-07	0.260512570574439	0.584	0.43	0.020859431535076	c6	SELENOT
6.24168177320134e-07	1.02194144710442	0.088	0.034	0.0209333523309626	c6	PILRB
6.37473096099642e-07	0.477821318094039	0.36	0.237	0.0213795726969898	c6	CENPM
6.55113214418337e-07	2.94200336458218	0.021	0.003	0.0219711869851622	c6	Z98884.1
6.59872478442426e-07	1.08291214180065	0.112	0.048	0.0221308031820021	c6	TMEM218
7.01916524184942e-07	0.32430939234644	0.153	0.075	0.0235408763881146	c6	TGFBR3
7.01939203111606e-07	0.360922818596102	0.46	0.317	0.0235416369939571	c6	NHP2
7.03935487495678e-07	0.391294215999679	0.457	0.328	0.02360858837963	c6	SZRD1
7.12816264036353e-07	0.27591512571539	0.861	0.632	0.0239064318632512	c6	SLC25A5
7.13852255449713e-07	0.391570338211309	0.493	0.358	0.0239411769432725	c6	EMC6
7.20181974425855e-07	0.441127362954721	0.31	0.199	0.0241534630582943	c6	BTF3L4
7.25242950926659e-07	0.424744290205211	0.496	0.355	0.0243231980881783	c6	TOMM22
7.44217474112625e-07	0.236375874351356	0.516	0.368	0.0249595656467892	c6	SSU72
7.50650547514408e-07	0.559303505010694	0.322	0.213	0.0251753180625382	c6	MRPL21
7.6138869290506e-07	0.459670120478619	0.304	0.194	0.0255354539826499	c6	CWC15
7.72116554763568e-07	0.861205213395656	0.23	0.136	0.0258952450136605	c6	WIPI1
7.75153929686916e-07	0.662470878427857	0.204	0.114	0.0259971124938398	c6	ZCCHC9
7.86586043546135e-07	2.23073760138108	0.038	0.009	0.0263805227284503	c6	PER3
7.95609024075641e-07	0.340908371179415	0.504	0.362	0.0266831354494489	c6	DNAJC8
7.96767313107263e-07	0.698611340275054	0.322	0.218	0.0267219821469914	c6	DCTPP1
8.03160642031636e-07	0.790632782489578	0.295	0.194	0.026936401612457	c6	FAM207A
8.04852844995915e-07	0.245474334222072	0.316	0.194	0.026993154715473	c6	ABHD14B
8.30817847044968e-07	0.368386374277211	0.298	0.185	0.0278639689541942	c6	CRELD2
8.3392641714397e-07	1.4056265080033	0.062	0.02	0.0279682241781745	c6	IGLV10-54
8.50154620707626e-07	0.308923424660784	0.516	0.373	0.0285124856692924	c6	SRSF9
8.65611033895716e-07	2.69294742500657	0.032	0.006	0.0290308628547945	c6	HOXB6
8.76844314789592e-07	0.273549810433606	0.823	0.632	0.0294076046294133	c6	NDUFB11
8.89322717413094e-07	0.337142537162275	0.507	0.371	0.0298261052966004	c6	FKBP2
9.05386664347491e-07	0.170505280203779	0.543	0.389	0.0303648579488862	c6	ZFP36L1
9.08459382973315e-07	0.277452179167065	0.513	0.364	0.030467910786159	c6	TERF2IP
9.41004031392554e-07	0.77185681297758	0.239	0.145	0.0315593932048435	c6	YKT6
9.47255597579451e-07	0.222295015665474	0.681	0.513	0.0317690582316196	c6	EIF3G
9.56148755655897e-07	0.332261456261306	0.481	0.348	0.0320673169671875	c6	GADD45GIP1
9.82922331852892e-07	0.296045409387866	0.534	0.391	0.0329652491656823	c6	MRPL34
9.97843544021723e-07	1.2109802287125	0.142	0.07	0.0334656767794006	c6	SWI5
1.08104289997746e-06	0.686677748552197	0.277	0.174	0.0362560167794441	c6	HAUS1
1.08220397993414e-06	0.287519476233532	0.445	0.315	0.0362949570790312	c6	PYURF
1.0965135638542e-06	0.520301632770025	0.139	0.066	0.0367748719045422	c6	SUPV3L1
1.10306230825944e-06	0.230634215048708	0.534	0.377	0.0369945036944051	c6	RPL17
1.11377787881048e-06	0.496624856933911	0.36	0.247	0.0373538824995458	c6	TMEM183A
1.12274475995357e-06	0.78657280725131	0.227	0.136	0.0376546137593229	c6	EIF4EBP1
1.12339417592792e-06	0.849987023129224	0.165	0.086	0.0376763938722707	c6	RUSC1
1.14271430027377e-06	0.382952577170157	0.395	0.271	0.0383243522025818	c6	TRAPPC3
1.14945698875491e-06	0.371601635715736	0.339	0.226	0.038550488488862	c6	CIAO1
1.15564509835634e-06	0.232253503468682	0.802	0.606	0.038758025308675	c6	WDR1
1.19185819856423e-06	0.231827718627559	0.767	0.575	0.0399725402634471	c6	TSPO
1.24745485919603e-06	0.243501431459346	0.481	0.337	0.0418371410677165	c6	SH3BGRL
1.35561195032344e-06	0.501742930017094	0.286	0.181	0.0454645135899477	c6	MPLKIP
1.39638122370235e-06	0.264928787017441	0.546	0.387	0.0468318334805293	c6	CBX3
1.41706557908852e-06	0.171782610606275	0.926	0.69	0.0475255453914706	c6	RPL27
1.43887950491314e-06	0.175950476441491	0.988	0.786	0.0482571408357769	c6	NACA
1.44007457268689e-06	0.231048208896768	0.389	0.266	0.0482972210187729	c6	CDK6
1.46178535082609e-06	0.535207002588018	0.212	0.121	0.0490253570960053	c6	CFAP298
1.48168715880388e-06	0.716307872958357	0.236	0.144	0.0496928239319645	c6	WBP1
