p_val	avg_log2FC	pct.1	pct.2	p_val_adj	cluster	gene
9.89478131993308e-112	2.90583285522652	0.686	0.113	3.31851175907916e-107	c9	TRBV6-4
2.2589770074933e-105	2.53351091017813	0.854	0.21	7.57615708773103e-101	c9	TRAV1-2
5.92177289391877e-94	4.01387921487684	0.535	0.085	1.98604419316248e-89	c9	S100B
3.17992001439682e-91	2.57145745426278	0.908	0.33	1.0664815744284e-86	c9	LST1
7.6812397792855e-88	2.38850827613672	0.951	0.389	2.57613419717677e-83	c9	GNLY
1.84588482838555e-85	2.17327105776666	0.935	0.365	6.19072853743945e-81	c9	HOPX
1.06433397076047e-81	2.20382974855079	0.935	0.356	3.56956327113646e-77	c9	CCL5
3.10703818893575e-75	2.31476555135821	0.719	0.178	1.04203846780527e-70	c9	CCL4
1.29571575329432e-72	2.84492328480856	0.573	0.117	4.34557149339848e-68	c9	CCL3
1.95147280098172e-72	2.64334731826467	0.589	0.129	6.54484947993249e-68	c9	CEBPD
4.35635754881433e-72	1.75493760952151	0.946	0.356	1.46103519472135e-67	c9	GZMA
1.61983513643615e-70	1.74783482360987	0.838	0.236	5.43260308057955e-66	c9	CD8A
2.48867420970992e-67	1.91357598607705	0.762	0.221	8.34651556452511e-63	c9	KLRG1
5.35905296018502e-66	2.71822951089396	0.449	0.077	1.79731918178685e-61	c9	TRBV21-1
2.72601400924618e-64	1.86934064507897	0.935	0.446	9.14250578420984e-60	c9	NKG7
6.45243771913233e-64	1.51794975729769	0.897	0.329	2.1640185622426e-59	c9	PRF1
2.35112070061391e-58	2.08902881392846	0.681	0.197	7.88518860571892e-54	c9	PLEK
8.62516404007566e-58	2.56233374404031	0.541	0.132	2.89270751576058e-53	c9	LINC01871
5.14137533288124e-57	1.78242645947148	0.886	0.344	1.72431445914171e-52	c9	GZMB
3.05469787625529e-55	1.5759178574045	0.735	0.237	1.0244845737385e-50	c9	CXCR6
8.78139979461535e-55	2.75860350551527	0.341	0.052	2.9451058631181e-50	c9	FEZ1
2.80841480427233e-52	2.36736981744098	0.492	0.117	9.41886157056854e-48	c9	TMIGD2
2.46707126056388e-49	1.25913109339103	1	0.926	8.27406359367915e-45	c9	LTB
7.87838130822706e-48	1.53907982608325	0.897	0.472	2.64225152315319e-43	c9	KLRB1
8.63241433999802e-48	1.42712921158997	0.746	0.257	2.89513912134854e-43	c9	CTSW
1.10989741426176e-47	1.34471198770558	0.876	0.411	3.72237394795109e-43	c9	CST7
1.93201762761802e-47	1.43185502759968	0.919	0.519	6.4796007195053e-43	c9	HCST
1.92697185670526e-44	1.57109144024422	0.849	0.421	6.4626782130181e-40	c9	ID2
6.58935248341894e-42	0.765799417731364	1	0.87	2.20993703588904e-37	c9	SH3BGRL3
1.16173400978569e-39	0.904829893458322	0.989	0.851	3.89622352201926e-35	c9	CD52
1.52208142170238e-39	1.40237782229869	0.876	0.51	5.10475667210545e-35	c9	ALOX5AP
6.08839262189887e-39	1.82294093205144	0.589	0.209	2.04192511753244e-34	c9	CCR1
1.40752186870973e-38	0.871548056566643	1	0.869	4.72054684327869e-34	c9	S100A6
2.04871173088666e-37	2.35203113211865	0.303	0.059	6.87096940304768e-33	c9	DBN1
3.58740882830812e-37	1.1428717496269	0.951	0.62	1.20314517283798e-32	c9	CTSC
1.58942331037491e-36	1.72919535769842	0.654	0.273	5.33060789833536e-32	c9	CDKN2A
2.53445491434564e-34	2.13614424600219	0.297	0.061	8.5000548917324e-30	c9	EOMES
2.74808172189005e-34	1.44057938481257	0.768	0.394	9.21651647887485e-30	c9	PGD
1.35150740229218e-33	1.70687911449433	0.384	0.1	4.53268552580751e-29	c9	SLC4A10
1.57685574126541e-32	2.329469674054	0.373	0.101	5.28845878505593e-28	c9	CSF1
1.37911783157525e-31	2.85581616353435	0.216	0.036	4.62528538353706e-27	c9	CPNE7
6.17641056051057e-31	1.19000766719471	0.8	0.403	2.07144457378404e-26	c9	ANXA1
2.99296368287315e-29	0.839389479769777	0.989	0.778	1.003780159962e-24	c9	LGALS1
3.95599767064076e-29	0.847022367975124	0.784	0.351	1.3267624987795e-24	c9	HPGD
5.5149143853689e-29	0.9200213267407	0.989	0.896	1.84959198656502e-24	c9	FTL
8.45826664935528e-29	2.13459150486964	0.249	0.051	2.83673346886077e-24	c9	TRGV2
3.77847815954404e-28	0.81858042955108	0.978	0.763	1.26722600514788e-23	c9	SRGN
5.90127146113674e-28	1.02791195898977	0.892	0.548	1.97916842263604e-23	c9	C12orf75
4.51406131341685e-26	1.66410040026663	0.395	0.128	1.51392588329374e-21	c9	SYTL2
3.24753277595869e-25	0.547530663428436	0.995	0.912	1.08915754240102e-20	c9	IL32
3.91355219903534e-25	0.579105584685147	1	0.937	1.31252713651247e-20	c9	S100A4
4.69970079701004e-25	0.978588381641029	0.919	0.621	1.57618565330123e-20	c9	RPS27L
5.18295808432232e-25	1.46476224155266	0.616	0.305	1.73826048232002e-20	c9	GYG1
5.53098600535293e-24	0.578915378498615	1	0.908	1.85498208647527e-19	c9	RPS19
6.13664094604744e-24	1.34149532789276	0.611	0.287	2.05810664048539e-19	c9	PHLDA1
1.90469119289972e-23	1.04561979322164	0.843	0.55	6.3879533227471e-19	c9	PYCARD
2.10649011594042e-23	1.62734454727476	0.454	0.179	7.06474655084097e-19	c9	APOBEC3H
9.33365801747524e-23	0.728720227505738	0.973	0.771	3.13032222590085e-18	c9	LIMD2
1.78932830744111e-22	1.00373394751384	0.811	0.494	6.001049277496e-18	c9	GLRX
2.56462393029828e-22	1.85667024925587	0.351	0.116	8.60123573743437e-18	c9	CA2
6.20112626426153e-22	0.898832024087654	0.789	0.427	2.07973372650803e-17	c9	NCR3
6.99025305198668e-22	0.568231843874855	0.995	0.866	2.34439106857529e-17	c9	MYL6
7.73926093034628e-22	1.03923987243535	0.173	0.032	2.59559333081953e-17	c9	TRAV5
1.41828110601287e-21	0.812916024828005	0.924	0.679	4.75663117334597e-17	c9	MRPS6
2.52270232601566e-21	1.19634807064341	0.676	0.385	8.46063906099134e-17	c9	MIR4435-2HG
4.16153630599691e-21	0.580581848461101	1	0.818	1.39569604630524e-16	c9	SERF2
5.17872331593259e-21	1.33433661608665	0.557	0.273	1.73684022569747e-16	c9	ADA
9.05030684619423e-21	0.98707100282303	0.751	0.458	3.03529191007662e-16	c9	VAMP5
2.1854899584496e-20	0.520805710542913	1	0.955	7.32969622264827e-16	c9	GAPDH
2.69712535328917e-20	0.867386315766648	0.849	0.59	9.04561900986122e-16	c9	NOP10
4.22584111633089e-20	1.93330958520082	0.232	0.059	1.41726259359505e-15	c9	KIR3DL2
4.46635993323851e-20	3.78680258055055	0.076	0.007	1.49792779440953e-15	c9	KCNQ3
2.19695037787999e-19	0.88181723966911	0.838	0.568	7.36813217733391e-15	c9	SH2D2A
2.54584165908654e-19	1.89984992291273	0.276	0.084	8.53824375624443e-15	c9	REC8
4.84309221099061e-19	0.837026420199583	0.849	0.592	1.62427626572203e-14	c9	BAX
6.30316739356955e-19	2.7112365606564	0.108	0.015	2.11395628045536e-14	c9	AC013264.1
9.75471817200311e-19	0.51816751560292	0.995	0.862	3.2715373805264e-14	c9	MYL12A
1.83292818923376e-18	0.93827002901292	0.741	0.465	6.14727456105219e-14	c9	RNF7
2.2406314411175e-18	1.83069690280364	0.227	0.062	7.51462972721986e-14	c9	CDKN2B
2.25119477827219e-18	0.764337784622387	0.919	0.66	7.55005704736927e-14	c9	CNN2
2.44724682004456e-18	0.781325391019448	0.843	0.588	8.20757638506546e-14	c9	IFITM2
4.17645902200132e-18	0.391835795821388	1	0.904	1.4007008267988e-13	c9	TPT1
7.19209333881835e-18	1.53854591801	0.357	0.138	2.4120842639729e-13	c9	FAM3C
1.04000443093769e-17	3.85191314626523	0.07	0.007	3.48796686047882e-13	c9	CCL3L1
1.44343836365587e-17	2.13105006968755	0.195	0.049	4.84100358402906e-13	c9	B3GNT8
2.01094462868695e-17	1.16222996982041	0.384	0.154	6.74430609569029e-13	c9	IL4I1
2.65338224714338e-17	0.925281408195399	0.768	0.518	8.89891338046947e-13	c9	RAB5IF
3.86578250459385e-17	0.705058530174064	0.881	0.63	1.29650613639069e-12	c9	GUK1
5.46204536362727e-17	2.42801300439975	0.13	0.024	1.83186077405331e-12	c9	TLE1
1.75320547695632e-16	2.00274746542093	0.303	0.107	5.8799005286161e-12	c9	ALDOC
3.46345476753146e-16	0.80468824455922	0.724	0.44	1.1615734599347e-11	c9	CD70
3.46448464412418e-16	0.669373544591568	0.892	0.602	1.16191885994637e-11	c9	OSTF1
3.56509472110572e-16	1.35210513479535	0.351	0.139	1.19566146756443e-11	c9	DUSP6
4.62384847042882e-16	1.72178640527659	0.222	0.065	1.55074630001242e-11	c9	FASLG
4.83798665816847e-16	1.17701087126666	0.324	0.121	1.62256396541654e-11	c9	TXK
6.95480206798979e-16	0.311193904359466	0.4	0.159	2.33250151756242e-11	c9	CD8B
7.33419760077384e-16	0.436703745372517	0.995	0.858	2.45974319134753e-11	c9	RPS24
8.08267150796805e-16	0.876457837602416	0.703	0.425	2.71076637034233e-11	c9	PNP
9.55088064076432e-16	0.726075133297429	0.822	0.575	3.20317434929954e-11	c9	VAMP8
1.40220523141713e-15	2.46788396976375	0.13	0.026	4.70271590512678e-11	c9	OVCH1-AS1
1.62731833351366e-15	0.640769344370542	0.876	0.622	5.45770022693812e-11	c9	TRAPPC1
2.61790366967046e-15	0.512713073808938	0.989	0.796	8.7799253273408e-11	c9	S100A11
3.06789834366556e-15	0.76525380038822	0.778	0.531	1.02891174649856e-10	c9	ZYX
5.18746005952057e-15	1.17546138351693	0.551	0.311	1.73977035476201e-10	c9	EFHD2
5.49638835520508e-15	0.568274504363353	0.989	0.776	1.84337872656868e-10	c9	S100A10
5.98843508723179e-15	0.730057950346954	0.876	0.63	2.0084013595558e-10	c9	SEC61B
7.79830317206561e-15	0.605720683682725	0.924	0.677	2.61539491784736e-10	c9	UQCRB
8.87170173835111e-15	0.486031131051259	0.989	0.817	2.9753913290082e-10	c9	CLIC1
1.18169920195571e-14	1.0573791631476	0.411	0.183	3.96318278351907e-10	c9	ENTPD1
1.44948467890376e-14	0.773227577878639	0.73	0.465	4.86128171610742e-10	c9	RHOF
1.73286307898265e-14	0.787024628583245	0.768	0.542	5.81167619429202e-10	c9	PRDX5
1.75019826637528e-14	1.19035414012387	0.476	0.249	5.8698149457694e-10	c9	PLSCR1
1.83155319660667e-14	2.09183462283339	0.124	0.026	6.14266311077944e-10	c9	LTB4R
1.83250418006981e-14	5.9870453449	0.027	0.001	6.14585251911812e-10	c9	KRT83
1.89005790566887e-14	0.471388860618709	0.903	0.677	6.33887620403224e-10	c9	UCP2
2.15962322755014e-14	1.64111397308167	0.227	0.073	7.24294438055766e-10	c9	ZBTB16
2.24471143837085e-14	0.722967097493172	0.768	0.509	7.52831322200815e-10	c9	C4orf3
3.20892315364116e-14	1.03431339085403	0.605	0.371	1.07620864726817e-09	c9	IFI27L2
3.32190192404837e-14	2.6009257184211	0.081	0.012	1.11409946728734e-09	c9	P2RX7
3.3819440565939e-14	0.740358106661468	0.832	0.61	1.13423639770046e-09	c9	ABRACL
3.56719893378273e-14	1.84648583177848	0.157	0.039	1.19636717841205e-09	c9	KLRC1
4.53801940770125e-14	0.632744214103891	0.595	0.325	1.52196094895485e-09	c9	CD38
4.82210118957714e-14	0.815667427336439	0.578	0.327	1.61723629696038e-09	c9	NCF4
4.94272745033855e-14	1.05344584698006	0.503	0.275	1.65769193229454e-09	c9	RAB18
4.97592422640154e-14	0.621635466383397	0.946	0.652	1.66882546705055e-09	c9	TPM4
7.34488171249933e-14	0.454269327909431	0.962	0.812	2.46332642873803e-09	c9	LAPTM5
9.1752373068037e-14	0.489748899482058	0.746	0.449	3.07719108795582e-09	c9	GIMAP4
1.1977431619685e-13	0.370407169508572	0.995	0.85	4.01699101660997e-09	c9	RPS15A
1.31837603782704e-13	2.14602732826399	0.189	0.057	4.42156955566433e-09	c9	FSD1
1.34981779115804e-13	0.285006557021183	0.935	0.569	4.52701890798583e-09	c9	LGALS3
1.97105146609479e-13	3.9316364446677	0.049	0.004	6.61051240698871e-09	c9	TMEM98
2.21319091428045e-13	0.377889331822438	1	0.957	7.42259968831378e-09	c9	TMSB4X
2.32369285288242e-13	0.697915963022365	0.757	0.508	7.79320108999704e-09	c9	GNG2
2.57643107868243e-13	0.758547916142975	0.611	0.348	8.64083455168513e-09	c9	TNF
3.56449298693497e-13	2.9882175518751	0.086	0.014	1.19545965795825e-08	c9	INSL6
3.59341806871516e-13	0.517179841782152	0.935	0.705	1.20516055188569e-08	c9	GPSM3
3.6074856408315e-13	0.933857848930703	0.438	0.217	1.20987853422207e-08	c9	GPR65
3.93408457280191e-13	1.93562551157323	0.124	0.028	1.3194132840263e-08	c9	IL23R
5.63159150128301e-13	0.434600730137812	1	0.939	1.8887231577003e-08	c9	PFN1
7.15270277271035e-13	0.58368377510807	0.989	0.858	2.3988734559116e-08	c9	FTH1
7.67337818019214e-13	1.75268212758778	0.178	0.053	2.57349757407284e-08	c9	UBXN10-AS1
8.30664651710954e-13	2.7336355508015	0.076	0.011	2.7858831089082e-08	c9	NCKAP1
1.22067176031961e-12	1.71920404447801	0.119	0.026	4.09388894975991e-08	c9	AC006369.1
1.34579197994282e-12	0.575967447675019	0.849	0.603	4.51351714233223e-08	c9	BST2
1.36005034079576e-12	0.90475070374577	0.508	0.284	4.56133683296082e-08	c9	ZDHHC24
1.39794251370056e-12	1.36512755637839	0.351	0.165	4.68841960244895e-08	c9	RGS9
1.97884036799327e-12	2.1157883081629	0.146	0.039	6.63663482617585e-08	c9	PIK3AP1
2.10052700517377e-12	1.34255815347175	0.497	0.274	7.04474746995179e-08	c9	CDKN1A
2.78147346821187e-12	0.926597776051272	0.416	0.211	9.32850571768898e-08	c9	CCR5
3.12802026663597e-12	0.555094166668431	0.665	0.4	1.04907543702437e-07	c9	LAG3
3.24622359148697e-12	1.0613024543512	0.449	0.239	1.0887184681129e-07	c9	MOSPD3
3.927667019427e-12	1.35087553962026	0.286	0.12	1.31726096497543e-07	c9	GPKOW
4.23061208061633e-12	1.13139985762314	0.389	0.197	1.4188626795971e-07	c9	CPPED1
4.40790131756357e-12	1.30997936185681	0.351	0.166	1.47832194388447e-07	c9	NINJ2
5.18089840199869e-12	0.708127162997107	0.741	0.506	1.73756970606232e-07	c9	ARPC5L
5.30975311242266e-12	0.564526588219283	0.811	0.561	1.78078499884431e-07	c9	RAP1B
5.87968618589458e-12	1.33507450584111	0.216	0.075	1.97192915302532e-07	c9	GAB3
6.5129302560093e-12	0.710878311068496	0.416	0.207	2.1843065492604e-07	c9	OASL
6.53085698051583e-12	2.44324704907487	0.114	0.026	2.1903188141254e-07	c9	ME1
8.30774247486847e-12	1.00109539343462	0.486	0.278	2.78625067122139e-07	c9	CASP4
9.53963487019623e-12	0.560989757584998	0.919	0.686	3.19940274276641e-07	c9	COX6B1
1.0106414973752e-11	0.725285073605567	0.676	0.447	3.38948945389696e-07	c9	TMEM167A
1.09216206918388e-11	3.28486105229899	0.038	0.003	3.66289314762889e-07	c9	RAB6B
1.57983621470587e-11	0.491363929508228	0.951	0.76	5.29845469688054e-07	c9	ATP5MG
1.65855046376145e-11	0.945972967275051	0.492	0.274	5.56244654536314e-07	c9	NQO1
2.36842864058682e-11	0.375918317198188	1	0.99	7.94323597480006e-07	c9	ACTB
2.86482033701188e-11	0.581091973724658	0.789	0.548	9.60803444627043e-07	c9	UFC1
2.97032824916521e-11	0.546113031369114	0.881	0.672	9.9618868820503e-07	c9	OST4
3.18776800786759e-11	0.789511502432654	0.476	0.268	1.06911363447863e-06	c9	RAB29
4.04454979731872e-11	0.721286769029004	0.735	0.527	1.35646111102475e-06	c9	SUPT4H1
4.65229793856241e-11	0.641608186217941	0.665	0.448	1.56028768263506e-06	c9	MCL1
5.18895950045859e-11	1.15520162735494	0.378	0.195	1.7402732372638e-06	c9	HSH2D
5.60432607207333e-11	0.46539086351096	0.946	0.743	1.87957887805195e-06	c9	ATP5F1E
5.77541244556997e-11	1.14691171623915	0.341	0.164	1.93695782599526e-06	c9	SNX10
6.36969398098898e-11	1.28135902037851	0.314	0.146	2.13626796734408e-06	c9	BCL7C
7.36882582477539e-11	1.75993372780606	0.135	0.037	2.47135680511317e-06	c9	AC022706.1
8.71947245374773e-11	0.474134652945986	0.919	0.714	2.92433667153791e-06	c9	GMFG
9.10075891151994e-11	0.484803122916954	0.378	0.184	3.05221252374556e-06	c9	CBLB
9.55297505568479e-11	0.555020953005456	0.746	0.537	3.20387677417557e-06	c9	SIT1
9.87435416360401e-11	0.586712123623507	0.849	0.617	3.31166089938951e-06	c9	UBL5
1.00621058877139e-10	0.523748654103822	0.676	0.433	3.37462907262149e-06	c9	XBP1
1.02465725956851e-10	0.969751891616039	0.476	0.283	3.43649551714085e-06	c9	CKLF
1.07702237143222e-10	0.568159480557482	0.827	0.587	3.61211762930939e-06	c9	PPP1R18
1.09203956326957e-10	1.38243607146134	0.108	0.026	3.66248228729349e-06	c9	COLQ
1.55586369932205e-10	1.53057925111178	0.216	0.082	5.21805567478628e-06	c9	ASCL2
1.5819301915998e-10	0.516600449685922	0.968	0.725	5.3054774765874e-06	c9	ATP5MC2
1.59511794052242e-10	0.836375417009113	0.562	0.362	5.34970654892411e-06	c9	ETHE1
1.88527401581956e-10	0.284578500099548	1	0.896	6.32283199425563e-06	c9	RPS4X
2.2046555716336e-10	0.499545391844788	0.8	0.586	7.39397385614475e-06	c9	PSMB10
2.35711333116308e-10	0.630035201798929	0.773	0.558	7.90528669005473e-06	c9	NDUFS8
2.62559941334893e-10	0.574955950380444	0.67	0.456	8.80573531248965e-06	c9	LAMTOR1
2.79092654991774e-10	6.98072960013862	0.011	0	9.36020946311411e-06	c9	NICN1
2.79092654991774e-10	6.93739186279202	0.011	0	9.36020946311411e-06	c9	AC092849.1
2.94254764579924e-10	0.583430211597705	0.87	0.647	9.8687162944815e-06	c9	CYTIP
3.20367590844157e-10	0.724653214091101	0.654	0.441	1.07444882617314e-05	c9	CISD3
3.27581812419269e-10	0.935545585334756	0.47	0.283	1.09864388249175e-05	c9	JOSD2
3.98760315536917e-10	0.711660549371834	0.595	0.399	1.33736234624771e-05	c9	SASH3
4.16502686408348e-10	1.69632430811778	0.168	0.056	1.39686670967632e-05	c9	CAPN12
4.32795367593488e-10	0.790445150735128	0.514	0.31	1.45150910383504e-05	c9	CARD16
4.64692734157945e-10	0.591879645935062	0.335	0.154	1.55848649181892e-05	c9	SAMD3
5.56679045827132e-10	1.85350235494954	0.173	0.06	1.86699018389503e-05	c9	GNGT2
5.75792395108303e-10	0.391469928712748	0.995	0.841	1.93109253471423e-05	c9	ARHGDIB
6.56156293654091e-10	0.606456085577787	0.714	0.509	2.20061697765709e-05	c9	NDUFA1
7.14045655623863e-10	0.468771758087551	0.951	0.751	2.39476631983131e-05	c9	ARPC3
8.2013506342941e-10	0.616998115484399	0.595	0.394	2.75056897572956e-05	c9	GLIPR1
8.70678976319243e-10	1.02537479247627	0.395	0.216	2.92008315077948e-05	c9	CASP1
8.74822357301495e-10	0.565846825895533	0.789	0.591	2.93397922191775e-05	c9	HIGD2A
9.14032380064809e-10	0.650546909240017	0.665	0.438	3.06548179626136e-05	c9	UQCR11
9.39257508344012e-10	0.51029217378289	0.849	0.637	3.15008183148415e-05	c9	PRR13
9.60734495629193e-10	0.939392063849881	0.378	0.202	3.22211135144119e-05	c9	ANXA4
1.05221921105405e-09	2.56962169984288	0.097	0.024	3.52893279003308e-05	c9	CES1
1.25260053907004e-09	0.738046985666157	0.578	0.384	4.20097168793309e-05	c9	APOBEC3G
1.25751539980562e-09	0.714151460071997	0.459	0.27	4.21745514786809e-05	c9	IVNS1ABP
1.32841531911424e-09	1.21050122548804	0.384	0.21	4.45523929724534e-05	c9	CD68
1.46840782109427e-09	0.403210867534652	0.984	0.758	4.92474615038597e-05	c9	SRP14
1.47687182287249e-09	0.495215427630673	0.459	0.264	4.95313271954976e-05	c9	CD69
1.7541108624801e-09	0.214864804928504	0.881	0.562	5.88293701058575e-05	c9	CTSH
1.76858375562701e-09	0.397445373921985	0.93	0.699	5.93147619962188e-05	c9	FLNA
1.97986208821638e-09	1.09116719742502	0.341	0.176	6.64006147146011e-05	c9	RORC
2.03959894666904e-09	4.03257082872711	0.022	0.001	6.84040694733862e-05	c9	BCAN
2.13686315592206e-09	0.540854072622426	0.865	0.623	7.16661165233139e-05	c9	COX6C
2.25860615106342e-09	0.358606948560406	0.714	0.469	7.57491330943649e-05	c9	ISG15
2.7135023277438e-09	1.08313297900345	0.286	0.134	9.10054410678715e-05	c9	IFI44
3.58035861357492e-09	1.31443764913834	0.178	0.065	0.000120078067182076	c9	SIRPG
3.77414287771179e-09	0.525773331174225	0.832	0.623	0.000126577203832698	c9	CCND3
3.80987055246883e-09	0.424409363965843	0.935	0.708	0.0001277754385887	c9	NDUFV2
4.06963282301572e-09	0.749804630465024	0.6	0.419	0.000136487345618301	c9	NDUFB3
4.11709413191101e-09	1.18355922521515	0.238	0.103	0.000138079102996031	c9	ELOVL6
4.23633207635503e-09	0.595082243401292	0.67	0.478	0.000142078105176795	c9	NDUFA12
4.62390137288401e-09	1.51191695206148	0.13	0.04	0.000155076404243784	c9	SUPT3H
4.62516486142249e-09	0.462391892329638	0.741	0.509	0.000155118779122388	c9	SCAND1
4.68677583108471e-09	1.0113665627766	0.346	0.187	0.000157185087822919	c9	MAP2K3
5.14690601402758e-09	0.525523996994948	0.584	0.374	0.000172616933898457	c9	IFI6
5.15739409677413e-09	0.469657228629793	0.584	0.358	0.000172968683217611	c9	GDE1
5.21625796666437e-09	0.594896716303618	0.611	0.416	0.00017494285968599	c9	ZFP36L1
5.52674918251973e-09	0.414446730930062	0.973	0.779	0.000185356114083347	c9	RPL36AL
5.90196906035691e-09	0.420905940030917	0.773	0.534	0.00019794023834625	c9	CD63
6.01751759925309e-09	0.393741321513498	0.654	0.45	0.00020181550524375	c9	CELF2
6.27024971468958e-09	0.745560732789711	0.53	0.348	0.000210291634931259	c9	COPS9
6.31121534713049e-09	0.610824809910646	0.573	0.385	0.000211665540312062	c9	C4orf48
6.70891605521258e-09	0.966776877352638	0.465	0.292	0.00022500362665972	c9	CD2BP2
6.87556977348004e-09	1.27793172330646	0.124	0.037	0.000230592859062974	c9	DUSP5
7.65591525999068e-09	0.387900274640176	0.968	0.797	0.000256764085989567	c9	H3F3B
7.92804442846259e-09	2.27919900991985	0.076	0.016	0.000265890754041778	c9	AP002884.1
8.71073430545588e-09	0.434982301190138	0.876	0.661	0.000292140607136379	c9	COX7A2
8.89684726288931e-09	1.0077965446446	0.184	0.069	0.000298382463502782	c9	ADRB2
1.02723613154729e-08	0.701502474677916	0.432	0.254	0.000344514453798332	c9	FAM107B
1.08512767131736e-08	1.52698515628665	0.092	0.023	0.000363930118406417	c9	CCDC159
1.22094998522514e-08	1.22992696322816	0.2	0.081	0.000409482206044807	c9	TBX21
1.26880373437195e-08	0.517283718382836	0.714	0.497	0.000425531396433664	c9	SEM1
1.73944574916199e-08	2.17177926933702	0.076	0.017	0.000583375315353948	c9	LINC02384
2.03439860843622e-08	0.845550317245875	0.389	0.22	0.000682296605297339	c9	GPAT3
2.05600338385266e-08	2.45989746614542	0.076	0.017	0.000689542414876505	c9	SPRY1
2.07292534731863e-08	0.627734522025298	0.395	0.225	0.000695217702983722	c9	TNFRSF1A
2.11869318950732e-08	0.457446325969972	0.924	0.671	0.000710567321896965	c9	ELOB
2.13915671242555e-08	1.29211013044826	0.189	0.076	0.00071743037821328	c9	PIR
2.16159192788808e-08	0.642245602803928	0.595	0.394	0.000724954700775105	c9	MZT2A
2.19189049898322e-08	1.60003444814271	0.162	0.061	0.000735116235548991	c9	AC004865.2
2.5320937186751e-08	0.603561812941975	0.6	0.412	0.000849213591369254	c9	HNRNPUL1
2.53300966780047e-08	0.696995333500557	0.47	0.296	0.000849520782386922	c9	TIMM8B
2.61038329077693e-08	0.58058946608278	0.6	0.42	0.000875470348060768	c9	ISCU
2.80984685439167e-08	0.766389133480266	0.465	0.298	0.000942366438025879	c9	APOBEC3C
2.95589188320509e-08	0.70989665221791	0.508	0.331	0.000991347019789322	c9	ORAI1
3.33233485993597e-08	0.79583435070328	0.4	0.236	0.00111759846532533	c9	FKBP11
3.444479486259e-08	1.27099882680354	0.146	0.051	0.00115520953010154	c9	LINC002481
3.4513456266024e-08	0.440811863805445	0.903	0.647	0.00115751229624991	c9	DBI
3.59342890507626e-08	0.695415938335113	0.373	0.207	0.00120516418618448	c9	ERG28
4.1406702140886e-08	0.352338286536878	0.957	0.755	0.00138869797640104	c9	CD99
4.80964113368422e-08	0.735189463164104	0.438	0.269	0.00161305744341502	c9	PDLIM2
4.89499166204455e-08	0.519223024091356	0.681	0.494	0.0016416823036165	c9	TRAC
5.08474229672555e-08	0.515858826210271	0.805	0.587	0.00170532087147582	c9	UQCR10
5.41144702924644e-08	0.404053438121006	0.822	0.614	0.00181489110466867	c9	BRK1
5.41932762897448e-08	3.49284637365082	0.027	0.002	0.00181753410020546	c9	FRZB
5.48826150043036e-08	1.56792598190758	0.146	0.053	0.00184065314201433	c9	ERMP1
5.79600087452667e-08	0.781697333901454	0.422	0.263	0.00194386277329876	c9	FURIN
5.84249383513162e-08	1.51034234630525	0.065	0.014	0.00195945558242644	c9	MYO1D
6.97210733239239e-08	0.735138031774166	0.411	0.245	0.00233830535713776	c9	HAVCR2
7.66480092978317e-08	0.403874789560954	0.816	0.6	0.00257062093583068	c9	ATP6V1G1
9.39302186733459e-08	0.913199621487257	0.384	0.229	0.00315023167386667	c9	BLOC1S2
9.78257145507494e-08	0.479864397152725	0.686	0.507	0.00328087881460303	c9	TMEM258
1.03085890995295e-07	0.881156285961767	0.395	0.241	0.00345729461220019	c9	PEX2
1.11532608511268e-07	2.40974367820354	0.065	0.014	0.0037405806242509	c9	NFIL3
1.15183953324372e-07	1.56294984296583	0.157	0.061	0.00386303942659279	c9	TSPAN15
1.21491983634081e-07	0.979030310405206	0.314	0.171	0.0040745981471198	c9	MKNK1
1.28317926814454e-07	0.250448984459152	0.524	0.333	0.00430352662950315	c9	EMB
1.51217172129342e-07	0.861775727729621	0.297	0.155	0.00507152151887387	c9	DNAJC4
1.5553522175366e-07	0.654831440299891	0.351	0.198	0.00521634026717425	c9	SYTL1
1.58027785219518e-07	1.42323388810688	0.108	0.034	0.00529993586069221	c9	PILRB
1.59058986453404e-07	0.908328182976108	0.097	0.028	0.00533452028767426	c9	CCL4L2
1.69150685673341e-07	1.46020676194511	0.119	0.039	0.00567297569611252	c9	ATP2B1-AS1
1.69859232633025e-07	0.664378860917168	0.389	0.227	0.0056967389440464	c9	XAF1
1.79789809169224e-07	0.459407982055361	0.676	0.486	0.00602979061991743	c9	LAMTOR4
1.86972953645198e-07	0.808378214116451	0.389	0.239	0.00627069891935265	c9	SIRT2
1.97731079784845e-07	0.422936596130795	0.654	0.458	0.00663150495382413	c9	ARL4C
1.98251331954192e-07	0.427890385606328	0.903	0.69	0.0066489531710797	c9	EDF1
2.03117408395871e-07	4.95680102138385	0.016	0.001	0.00681215164278071	c9	SLC6A4
2.0420116633911e-07	4.78523974813557	0.016	0.001	0.00684849871668106	c9	POU6F2
2.08786011493118e-07	1.58602752771969	0.081	0.021	0.00700226525345618	c9	LINC02084
2.17515347493622e-07	0.953665071009322	0.389	0.239	0.00729502972424111	c9	TFPT
2.18779376049314e-07	0.721269893897708	0.205	0.09	0.0073374227139419	c9	KLRD1
2.20300778204454e-07	1.39338816587368	0.049	0.009	0.00738844749942096	c9	HDAC9
2.26878230052585e-07	0.630217496622939	0.27	0.135	0.00760904207950359	c9	PARP8
2.29373367738958e-07	0.607175986956482	0.519	0.342	0.00769272400722918	c9	PHPT1
2.62703039719681e-07	2.11375360516327	0.135	0.05	0.00881053454611867	c9	ASB2
2.70707600774252e-07	0.312765340536469	0.951	0.794	0.00907899151476686	c9	CD3D
2.75625522868052e-07	0.495005053092698	0.605	0.425	0.00924392878594873	c9	SNX3
2.80910103543661e-07	0.577168505384067	0.584	0.406	0.00942116305264731	c9	KRT10
2.82597837758641e-07	1.00533954790812	0.205	0.092	0.00947776628274929	c9	TFDP2
2.91023890773787e-07	0.251219990590079	1	0.848	0.00976035924877127	c9	RPL12
2.98116947500894e-07	0.650931646391555	0.368	0.214	0.00999824618528499	c9	YARS
3.11619677145893e-07	1.20075942036719	0.184	0.079	0.010451100732119	c9	WAC-AS1
3.24002237822107e-07	0.551545900375262	0.476	0.312	0.0108663870520778	c9	TSC22D4
3.38357563022165e-07	0.71610606376537	0.459	0.304	0.0113478359486374	c9	CDC26
3.43327398636847e-07	1.43797700411961	0.076	0.019	0.0115145142954826	c9	DTX3
3.5345469181998e-07	0.315046572577972	0.87	0.668	0.0118541634542585	c9	REEP5
3.59612703219829e-07	0.350313234043495	0.584	0.384	0.0120606908405866	c9	DDIT4
3.74703701258089e-07	0.402348852170284	0.8	0.618	0.0125668127327938	c9	HCLS1
3.93125120150893e-07	0.809505955868595	0.368	0.218	0.0131846302796206	c9	AGTRAP
4.027433549069e-07	0.720081825167292	0.486	0.335	0.0135072066368676	c9	ZNRD1
4.10150682752726e-07	1.32314744421985	0.232	0.116	0.0137556335981609	c9	CD59
4.29813336017082e-07	0.459732562493542	0.719	0.506	0.0144150796633409	c9	SRI
4.45988868890581e-07	1.36165047123778	0.178	0.077	0.0149575746848523	c9	ARHGAP18
4.7079721561182e-07	1.16759670169056	0.178	0.077	0.0157895970171892	c9	GK5
4.71601555142541e-07	1.78522037863426	0.07	0.017	0.0158165729563705	c9	GALNT4
4.96207826348777e-07	0.260652364172107	1	0.909	0.0166418180800853	c9	RPLP0
5.04213695074588e-07	5.6286844633682	0.011	0	0.0169103189054115	c9	AC036222.1
5.04213695074588e-07	5.58741368904666	0.011	0	0.0169103189054115	c9	AC008750.2
5.07902691943382e-07	5.52106240111467	0.011	0	0.0170340404823972	c9	AC016745.1
5.07902691943382e-07	5.52212356529032	0.011	0	0.0170340404823972	c9	AC009630.1
5.11493267073609e-07	0.692257565862255	0.449	0.295	0.0171544611911147	c9	STMP1
5.18048039257463e-07	0.361946282884597	0.541	0.367	0.0173742951406168	c9	MYO1F
5.19204599549057e-07	0.728109822467619	0.503	0.348	0.0174130838596763	c9	COPZ1
5.9508566367798e-07	1.21842032009169	0.195	0.088	0.0199579829884321	c9	C11orf21
5.96252703561309e-07	1.14751550123191	0.254	0.134	0.0199971231720392	c9	CDIP1
6.01444219593154e-07	1.82391666939466	0.114	0.039	0.0201712362367152	c9	ADAM12
6.02220378504439e-07	2.0197663628647	0.049	0.009	0.0201972670542819	c9	AP003774.4
6.03053677049915e-07	0.836593548300062	0.232	0.114	0.0202252142209	c9	MMP25-AS1
6.46956880488181e-07	0.678316066056886	0.514	0.352	0.0216976398578126	c9	FAM104A
7.22404118009139e-07	0.327330268654827	0.989	0.835	0.0242279893097905	c9	CALM1
7.54448337273791e-07	3.08435264831894	0.043	0.008	0.0253026883354884	c9	HOXB6
8.0474549259864e-07	0.430913312896131	0.681	0.493	0.0269895543307732	c9	DOK2
8.05753687390499e-07	0.680050861762321	0.508	0.347	0.0270233671677026	c9	HINT2
1.00079175594424e-06	0.705229032718609	0.4	0.257	0.033564553910858	c9	NDUFAF8
1.02501195932077e-06	0.462201429565237	0.622	0.45	0.0343768510917	c9	SPCS3
1.026521333354e-06	0.272261565235907	0.995	0.858	0.0344274724780264	c9	RPL15
1.07145188440103e-06	1.17917935436127	0.243	0.127	0.0359343532990416	c9	CAMTA2
1.09737207640871e-06	2.26434030999064	0.076	0.021	0.0368036646985954	c9	PKIG
1.16993401597676e-06	0.177804896698572	1	0.89	0.0392372470278285	c9	RPL11
1.17631214580873e-06	1.16020760868864	0.178	0.079	0.0394511567461331	c9	P2RX4
1.31412149615538e-06	0.74523717616621	0.422	0.276	0.0440730067380593	c9	POLR2G
1.34262287808895e-06	1.81209630113133	0.054	0.012	0.0450288860853471	c9	LINC01644
