p_val	avg_log2FC	pct.1	pct.2	p_val_adj	cluster	gene
3.86773413158832e-87	0.894091876919522	0.996	0.904	1.29716067305209e-82	c3	IL32
2.76920782133915e-76	1.61042496331413	0.659	0.267	9.28736919120723e-72	c3	TNFRSF4
2.0707692176909e-74	2.6207577512677	0.345	0.077	6.94494580229174e-70	c3	FOXP3
8.93753706749522e-65	1.4670060890593	0.71	0.391	2.99747118169655e-60	c3	CORO1B
1.46893169137451e-60	0.575727897309542	0.998	0.893	4.92650310653182e-56	c3	RPL28
4.66691153024256e-54	0.645523432830381	0.976	0.822	1.56518878901275e-49	c3	RPS28
7.45180355194578e-54	0.432948629464455	1	0.994	2.49918587525157e-49	c3	B2M
3.04941305012286e-52	0.527037263920345	1	0.965	1.0227121487502e-47	c3	EEF1A1
7.5059210218264e-49	0.610644734990991	0.984	0.868	2.51733579230014e-44	c3	FXYD5
1.45241253124597e-47	0.507325074512342	0.998	0.895	4.87110114729274e-43	c3	TPT1
2.95379603462758e-47	2.20369529104507	0.261	0.066	9.90644114093398e-43	c3	ACP5
1.08335432261163e-46	0.933167532882655	0.865	0.608	3.63335372717489e-42	c3	BTG1
1.19751297925973e-46	0.603502148361425	0.978	0.801	4.01621902984129e-42	c3	RPL39
1.59215976707943e-46	0.517077717508613	0.98	0.826	5.339785426831e-42	c3	RPL34
4.35102225638569e-46	1.15573621574577	0.665	0.371	1.45924584434663e-41	c3	TIMP1
1.23918430523773e-44	1.05555369852406	0.618	0.305	4.15597632290631e-40	c3	TNFRSF18
1.86671877638261e-44	0.457086285040788	1	0.879	6.26060143223199e-40	c3	RPL11
4.06386173835427e-44	1.48962344645219	0.416	0.163	1.36293794980925e-39	c3	SUSD3
6.25099077149274e-44	0.47723162025722	0.998	0.907	2.09645728494323e-39	c3	RPL41
4.5750513346759e-43	0.548525212442192	0.984	0.822	1.5343807166236e-38	c3	RPS27
7.34752666009815e-43	0.429448669323548	0.994	0.862	2.46421349126372e-38	c3	RPL30
1.78317587879094e-42	0.491149392356514	0.998	0.876	5.98041526228905e-38	c3	RPL18A
3.66027222502244e-41	3.31325907279671	0.114	0.013	1.22758209882803e-36	c3	MEOX1
5.03562438274171e-41	0.683135833051632	0.935	0.725	1.68884770548391e-36	c3	ATP5F1E
1.01273691363036e-40	1.24377682362634	0.673	0.41	3.3965170609335e-36	c3	ISG20
1.4848475206428e-37	0.395655599482098	0.998	0.9	4.97988161473181e-33	c3	RPL19
2.92739358249327e-37	0.72465651590596	0.865	0.619	9.81789259696592e-33	c3	LSP1
4.21054247186051e-37	0.886729300101139	0.776	0.532	1.41213173421258e-32	c3	COTL1
2.15694599205617e-36	0.549402651779229	0.961	0.813	7.233965468158e-32	c3	RPL37
2.63917759510806e-36	0.432453142530467	0.986	0.841	8.85127381847342e-32	c3	FAU
5.83780073403928e-36	0.372182664809682	0.996	0.883	1.95788161018209e-31	c3	RPS27A
9.84928849698179e-35	0.779793320051247	0.878	0.659	3.30325437611775e-30	c3	UCP2
2.25203715090265e-34	0.387168767574812	1	0.857	7.55288219669732e-30	c3	RPS14
1.51348442627453e-33	0.915624382048363	0.71	0.499	5.07592406883951e-29	c3	CISH
4.92096308007161e-33	1.33340243484789	0.52	0.303	1.65039259779442e-28	c3	CAPG
3.85081623017632e-32	0.407061379034898	0.998	0.92	1.29148674727654e-27	c3	RPL10
4.7227927376714e-32	0.443086021581927	0.976	0.828	1.58393022836024e-27	c3	RPS25
7.81433567190708e-32	1.05795967645989	0.655	0.448	2.6207718976442e-27	c3	IFITM3
8.12585039785765e-32	0.398174357784686	1	0.928	2.7252477064335e-27	c3	RPLP1
9.28218189340969e-32	0.843540112870415	0.694	0.432	3.11305816341174e-27	c3	CD7
6.74445709187246e-31	0.421210733764782	0.243	0.074	2.26195601947219e-26	c3	CCR4
6.80304395689358e-31	1.31893253877887	0.547	0.331	2.28160488226297e-26	c3	LINC01943
5.94911635890685e-30	0.483847373551601	0.953	0.783	1.99521464445018e-25	c3	EEF1D
7.29094508452356e-30	0.414807286157516	0.996	0.862	2.44523716244751e-25	c3	RPL29
8.02776334000051e-30	0.357530670675207	0.996	0.983	2.69235126896937e-25	c3	HLA-A
1.15381544845126e-29	0.338067109276135	1	0.895	3.86966625101582e-25	c3	RPL13
1.60603849675632e-29	1.35214138538967	0.271	0.096	5.38633191042135e-25	c3	TIGIT
5.45819603360019e-29	0.369057999575293	0.998	0.859	1.83056978574883e-24	c3	RPL32
7.51965380797712e-29	0.321086694365466	0.998	0.892	2.52194149411937e-24	c3	RPS12
2.82669702288711e-28	0.375554950833673	0.994	0.883	9.48017647535879e-24	c3	RPL18
3.12692625921295e-28	0.700773486151565	0.718	0.495	1.04870852881484e-23	c3	IL2RA
4.24818099669526e-28	0.62038992415894	0.855	0.695	1.42475494267165e-23	c3	GPSM3
4.30705272931265e-28	0.444042404098356	0.976	0.819	1.44449934435688e-23	c3	NACA
4.58730190074022e-28	0.839538369113531	0.661	0.46	1.53848931147025e-23	c3	FLT3LG
8.01538630476726e-28	1.37851894153876	0.298	0.119	2.68820025889284e-23	c3	C1orf162
8.85300376027848e-28	0.42250245137703	0.965	0.815	2.9691204011222e-23	c3	RPL5
2.99402936419619e-27	0.60755333778999	0.843	0.679	1.00413756816412e-22	c3	LCK
6.93927519213866e-27	0.458196891404039	0.988	0.835	2.32729411393947e-22	c3	RPL12
1.57473319774114e-26	0.480706796752636	0.949	0.788	5.28134019858425e-22	c3	RPL36
2.52905153326624e-26	0.380517835478482	0.994	0.884	8.48193303226833e-22	c3	RPS8
3.49094434024904e-26	0.375259408827496	0.992	0.872	1.17079291283272e-21	c3	RPL8
4.1287206258822e-26	0.437575687766054	0.947	0.789	1.38469032350837e-21	c3	RPL24
4.36867895913403e-26	0.386908271313166	0.994	0.887	1.46516754931437e-21	c3	RPS4X
4.58924567827901e-26	0.404215180317077	0.975	0.839	1.53914121558122e-21	c3	RPS15A
5.44703661989634e-26	1.45947873107845	0.292	0.123	1.82682714158083e-21	c3	GLIPR2
6.49523073879588e-26	1.40348651334854	0.439	0.248	2.17837048517736e-21	c3	PIM2
9.82907655293376e-26	0.349854393140741	1	0.854	3.29647569432292e-21	c3	RPL14
1.18193391545886e-25	1.03503685362372	0.606	0.415	3.96396996566593e-21	c3	SOCS1
1.53473471587988e-25	0.41338721037727	0.996	0.9	5.14719329011793e-21	c3	RPS19
2.09376809243491e-25	0.517208999961056	0.88	0.716	7.02207942840819e-21	c3	PFDN5
6.43047350634368e-25	1.89690877526419	0.151	0.04	2.15665220455754e-20	c3	IL9R
6.52517612276016e-25	0.398386913678694	0.988	0.864	2.1884135680513e-20	c3	RPS18
7.8038646515469e-25	0.546798565413745	0.876	0.719	2.6172601268358e-20	c3	PSME1
8.55040041007355e-24	0.427554491432635	0.931	0.79	2.86763328953047e-19	c3	RPL9
1.18763023748089e-23	1.19405781538783	0.337	0.161	3.98307429046342e-19	c3	TRAPPC6A
1.70542054411586e-23	0.377892607405343	0.969	0.81	5.71963942085576e-19	c3	RPL35A
1.81179735494877e-23	1.10672270004671	0.582	0.392	6.07640596902718e-19	c3	SAT1
2.18711613016432e-23	0.449108928764671	0.925	0.778	7.33515007734509e-19	c3	RPL13A
4.07510542767685e-23	0.519490562895213	0.857	0.697	1.36670885833426e-18	c3	RPS11
5.32790574634348e-23	0.372545819883253	0.994	0.851	1.78687302920868e-18	c3	RPS7
5.92114457519754e-23	0.365358807804699	0.98	0.844	1.98583346762975e-18	c3	RPL6
6.82515459523608e-23	0.337567270242349	0.978	0.855	2.28902034815027e-18	c3	RPL3
9.42491412320268e-23	0.365649100025401	0.992	0.867	3.16092769863972e-18	c3	RPL7A
1.41038510285148e-22	1.78156660426168	0.159	0.048	4.73014955794328e-18	c3	DENND6B
1.99399155484459e-22	1.95442970150583	0.098	0.019	6.68744887663777e-18	c3	NEFL
2.42361536901638e-22	2.20425848628975	0.088	0.016	8.12832122460713e-18	c3	IL1R2
3.3560734182877e-22	0.752659364743829	0.647	0.467	1.12555990302533e-17	c3	C9orf16
8.61280698309082e-22	0.419893629731418	0.971	0.853	2.888563205989e-17	c3	MYL12A
5.70041235123838e-21	0.392474229934688	1	0.931	1.91180429435833e-16	c3	S100A4
7.66676403792241e-21	0.499952377936301	0.914	0.742	2.57127932303842e-16	c3	SUMO2
1.9215067703355e-20	0.614912912732089	0.776	0.625	6.44434940635122e-16	c3	CMTM6
2.02317874192058e-20	0.405248194042793	0.957	0.807	6.78533686465326e-16	c3	SERF2
4.26632384091943e-20	0.38516888999548	0.892	0.771	1.43083968976756e-15	c3	LDHB
7.59961985988644e-20	0.304077065411378	0.986	0.847	2.54876050860871e-15	c3	RPS13
9.38707581466627e-20	0.615067821632643	0.718	0.563	3.14823748672277e-15	c3	APRT
1.88323657774701e-19	0.355273256449799	0.976	0.828	6.31599883444794e-15	c3	RPLP2
5.33274227229945e-19	0.603297924564001	0.727	0.592	1.78849510328379e-14	c3	ATP6V1G1
1.34201589430272e-18	0.265345731889709	1	0.906	4.50085290631247e-14	c3	RPS3
1.3895467479289e-18	0.390263198196985	0.965	0.817	4.66026188320393e-14	c3	RPL23A
1.6351186608625e-18	0.492289236725084	0.816	0.661	5.48386096480065e-14	c3	OST4
2.52565374734078e-18	0.405418139207938	0.904	0.782	8.4705375378315e-14	c3	EEF2
3.67792541662867e-18	0.148812385864639	1	0.994	1.23350262622892e-13	c3	HLA-B
4.49957602119235e-18	0.306591603386293	0.996	0.869	1.50906780598749e-13	c3	RPS15
5.59618942456743e-18	0.361923611931601	0.569	0.37	1.87685000921142e-13	c3	FYB1
5.65274351068065e-18	0.401037663569109	0.931	0.786	1.89581711861208e-13	c3	RPL10A
6.13247104370125e-18	1.07499544591119	0.4	0.244	2.05670813863653e-13	c3	TSTD1
7.97255872146086e-18	1.07060432997714	0.325	0.174	2.67383674400354e-13	c3	GCHFR
8.20818005551311e-18	0.374963662446391	0.973	0.845	2.75285942701799e-13	c3	RPS2
9.15690052352441e-18	0.413141336545968	0.955	0.808	3.07104129757962e-13	c3	RAC2
9.35801580703057e-18	0.58145289661366	0.72	0.582	3.13849134136191e-13	c3	HIGD2A
1.20192922183175e-17	1.05553185044847	0.143	0.046	4.03103022417934e-13	c3	FBLN7
1.49150922760122e-17	0.578150181462137	0.986	0.903	5.00222364752896e-13	c3	CD74
1.79297458324805e-17	0.496926085081401	0.824	0.674	6.01327815729731e-13	c3	SLC25A6
2.00825642562159e-17	0.378920100942498	0.933	0.769	6.73529040024968e-13	c3	BTF3
3.12792746922033e-17	0.54218713598652	0.755	0.607	1.04904431462712e-12	c3	CSTB
3.74653928242978e-17	0.407986427854139	0.478	0.277	1.2565143445413e-12	c3	MAL
3.99652514673707e-17	1.1878498106631	0.312	0.171	1.34035460371268e-12	c3	HLA-DQB1
4.78242219298487e-17	0.381315905248814	0.996	0.932	1.60392875508327e-12	c3	TMSB10
5.55066591072019e-17	2.63163467491035	0.075	0.015	1.86158233313734e-12	c3	BHLHE40-AS1
6.43790367114939e-17	0.665161832930787	0.62	0.455	2.15914413323008e-12	c3	TRBC2
6.5650732631316e-17	0.976163825748828	0.702	0.568	2.20179427098908e-12	c3	LGALS3
8.04515040996546e-17	0.581445639021037	0.714	0.582	2.69818254449422e-12	c3	GABARAP
8.46744790849953e-17	0.693855103676538	0.582	0.437	2.83981267955257e-12	c3	SMDT1
8.69655228002011e-17	0.279321043056964	0.984	0.851	2.91664970367314e-12	c3	RPS3A
1.08098783508326e-16	0.404171905318401	0.939	0.791	3.62541700130222e-12	c3	HINT1
1.44628044935353e-16	0.328602823068373	0.924	0.811	4.85053537104186e-12	c3	CD3E
1.66465615402056e-16	0.556400423089689	0.455	0.289	5.58292380935414e-12	c3	CYLD
2.05756204844583e-16	0.750309240522488	0.62	0.484	6.90065159807761e-12	c3	DOK2
2.15264912067954e-16	0.839645252978051	0.498	0.342	7.21955462093505e-12	c3	NECAP2
4.68738972598112e-16	0.507209383072876	0.602	0.43	1.57205676629955e-11	c3	CD82
5.00269039907086e-16	0.270970100628735	0.996	0.86	1.67780230604039e-11	c3	RPS23
5.10349358792577e-16	0.917866283269002	0.324	0.18	1.71160967951855e-11	c3	CMTM7
6.7987894270023e-16	0.938710660490415	0.547	0.411	2.28017799802803e-11	c3	BATF
8.1351642530838e-16	0.533812493221392	0.806	0.651	2.72837138719924e-11	c3	SOD1
8.35969922896452e-16	0.627597445627958	0.7	0.569	2.80367592741012e-11	c3	VAMP8
1.72568120092257e-15	0.565655383972224	0.702	0.586	5.78758961165411e-11	c3	RPS29
1.83135774645312e-15	0.597767747826768	0.639	0.503	6.14200761005447e-11	c3	C4orf3
1.92101102115072e-15	0.293868776139452	0.98	0.868	6.44268676273527e-11	c3	RACK1
2.97718399254545e-15	0.425004877472229	0.884	0.699	9.98487967419892e-11	c3	GMFG
3.18003413792093e-15	0.474960998177071	0.231	0.106	1.06651984917592e-10	c3	CEACAM1
4.59121896138704e-15	0.767120733489076	0.551	0.409	1.53980301526998e-10	c3	RARRES3
4.8859339552722e-15	0.406103145893636	0.922	0.782	1.63864452991919e-10	c3	RPL4
5.85068515891244e-15	0.452683379231491	0.902	0.749	1.96220278859605e-10	c3	YWHAB
8.13631668088714e-15	0.993717687642006	0.341	0.202	2.72875788843593e-10	c3	ARID5A
1.01556246461882e-14	0.809548002769264	0.506	0.356	3.40599339383858e-10	c3	HSPA1A
1.60120507379377e-14	0.694394462304569	0.537	0.384	5.37012157648956e-10	c3	RAP1A
1.68490980400408e-14	0.33201096179369	0.957	0.827	5.6508505006689e-10	c3	RPS9
1.70145795724959e-14	0.599236985124951	0.624	0.494	5.70634969702367e-10	c3	COMMD6
1.74902482965812e-14	0.609252182757617	0.631	0.501	5.86587947370742e-10	c3	CIB1
2.52790116894702e-14	0.356745528147658	0.886	0.749	8.47807494041453e-10	c3	RPL22
2.69189961040525e-14	1.16824928275511	0.292	0.164	9.02809291337713e-10	c3	HOXB2
2.71824737486001e-14	0.397341118335153	0.747	0.613	9.1164580458055e-10	c3	TOMM7
2.85293582256114e-14	1.34872277795036	0.088	0.024	9.56817616170557e-10	c3	PI16
4.19660161153928e-14	1.00034408565465	0.494	0.376	1.40745624847804e-09	c3	HLA-DPB1
4.3109888292816e-14	0.387358237691628	0.853	0.706	1.44581943356446e-09	c3	PCBP1
4.6059157424369e-14	0.476735924127923	0.669	0.528	1.54473202169849e-09	c3	SIT1
4.82338140023062e-14	0.340134786307321	0.959	0.794	1.61766565400934e-09	c3	COX4I1
4.87874430513556e-14	0.371999391521753	0.996	0.858	1.63623326505636e-09	c3	SH3BGRL3
4.88189888469705e-14	0.515101091425987	0.512	0.361	1.6372912479497e-09	c3	CD5
5.10221211287457e-14	0.564688816138946	0.661	0.549	1.71117989841587e-09	c3	SELENOH
5.13347413948348e-14	0.345258866648671	0.969	0.791	1.72166455689997e-09	c3	UBA52
6.17155005367313e-14	0.399091619096902	0.894	0.748	2.06981445700089e-09	c3	OAZ1
7.46018041427489e-14	1.93664334332599	0.1	0.031	2.50199530733951e-09	c3	LIMS2
8.20593629100079e-14	0.545396078892969	0.375	0.224	2.75210691327584e-09	c3	CD4
8.47250115445752e-14	0.637235811476359	0.584	0.453	2.84150743718196e-09	c3	SELENOW
8.94477040776157e-14	0.485682442649301	0.806	0.672	2.99989709935508e-09	c3	CAPZB
9.19293892598416e-14	0.408641479088558	0.863	0.734	3.08312785699657e-09	c3	RPL37A
9.53083010914352e-14	0.615404193160626	0.639	0.512	3.19644980200456e-09	c3	TBCA
1.13970122105723e-13	0.281668229842323	0.951	0.793	3.82232995518174e-09	c3	RPL21
1.26530636518163e-13	1.04070847577276	0.241	0.123	4.24358448754614e-09	c3	CRTAP
1.42120790357203e-13	0.438064052683006	0.804	0.671	4.76644706699989e-09	c3	UQCRB
1.54464751565998e-13	0.810058230112771	0.433	0.299	5.18043883802044e-09	c3	GATA3
2.19554908916794e-13	1.54116960810053	0.086	0.024	7.36343253525145e-09	c3	TRIM16
2.4521403223421e-13	4.06629277082058	0.024	0.001	8.22398821307094e-09	c3	CD300LD
2.55502333979804e-13	0.303753139878434	0.735	0.593	8.56903727701466e-09	c3	CD37
2.66054809827154e-13	0.588404733672696	0.571	0.44	8.92294621198308e-09	c3	SQSTM1
3.09807862485905e-13	0.366703075809556	0.665	0.522	1.03903360920523e-08	c3	ICAM3
3.3382744748977e-13	0.644562334965627	0.469	0.327	1.11959049339119e-08	c3	TNFRSF14
3.46822634483394e-13	0.726529992660643	0.508	0.388	1.16317375153041e-08	c3	TMEM219
5.92528855900341e-13	0.97162268423607	0.298	0.174	1.98722327691856e-08	c3	YPEL3
9.6834114849091e-13	0.988734415750965	0.331	0.204	3.24762254380881e-08	c3	LRRC61
1.07258664504899e-12	0.523266219401486	0.667	0.529	3.59724109016531e-08	c3	DYNLRB1
1.08051660760797e-12	1.67341865492429	0.12	0.044	3.62383659859561e-08	c3	LY96
1.47052485978977e-12	1.0806237888445	0.161	0.069	4.93184627476295e-08	c3	NCF1
1.52233036485657e-12	0.719649531493883	0.449	0.323	5.10559157765597e-08	c3	NCF4
1.54864205406566e-12	0.395333968860826	0.812	0.67	5.19383572092542e-08	c3	RPL31
2.42631566809703e-12	1.46246572518825	0.122	0.046	8.13737748766383e-08	c3	IGFBP4
2.42915492281594e-12	0.773958339598009	0.104	0.035	8.14689978014009e-08	c3	RTKN2
2.75635194854048e-12	0.79529946405166	0.406	0.278	9.24425316501505e-08	c3	HLA-DRB5
2.89659337830865e-12	0.799240162769891	0.496	0.367	9.71459487217155e-08	c3	HLA-DRB1
3.2301138944031e-12	1.68756031173388	0.086	0.026	1.08331559790491e-07	c3	TRBV7-9
3.23403404417578e-12	1.6081098838942	0.092	0.029	1.08463033773567e-07	c3	RGS16
3.49331540673922e-12	1.02235231678528	0.288	0.167	1.1715881211122e-07	c3	RGCC
3.58212544457591e-12	1.04229964690629	0.322	0.203	1.20137323160187e-07	c3	MKRN1
4.09326171623517e-12	1.83899890374643	0.047	0.009	1.37279811439095e-07	c3	CDO1
4.90262534215105e-12	0.327389278386256	0.941	0.817	1.64424248725062e-07	c3	EIF1
4.99242513708489e-12	2.28074277558775	0.039	0.006	1.67435954247553e-07	c3	PTGDR2
5.45905374951132e-12	0.369366358347142	0.804	0.673	1.83085744651111e-07	c3	COX7C
6.636605177422e-12	0.574508127971278	0.173	0.077	2.22578464440379e-07	c3	HAPLN3
7.78431644580178e-12	0.438780769072219	0.641	0.521	2.610704049593e-07	c3	RPL26
8.04377049645126e-12	0.601883788081384	0.088	0.027	2.69771974909982e-07	c3	CYSLTR1
9.71474168110685e-12	0.886781240199733	0.437	0.317	3.25813006500962e-07	c3	DNPH1
9.77548027343792e-12	0.426232702217552	0.735	0.653	3.27850057410561e-07	c3	ATP6V0E1
1.05282720105461e-11	0.278058869071073	0.98	0.827	3.53097186689696e-07	c3	RPS16
1.05500113662292e-11	0.435851958212561	0.71	0.601	3.53826281200595e-07	c3	EIF3F
1.06720310711965e-11	0.361816317003997	0.802	0.676	3.57918578065787e-07	c3	RPL7
1.13552852354762e-11	0.875754418959269	0.359	0.242	3.808335562274e-07	c3	MIIP
1.26817850077679e-11	0.431194144635098	0.724	0.596	4.25321705590519e-07	c3	WDR83OS
1.33246418280219e-11	0.713713498305672	0.478	0.363	4.46881837628198e-07	c3	SH3BGRL
1.38308878959918e-11	0.52177499729451	0.629	0.496	4.63860318255773e-07	c3	ATP5PD
2.06988714014815e-11	0.423449427798913	0.743	0.611	6.94198749062888e-07	c3	TSPO
2.34043307247513e-11	0.342224625096451	0.914	0.769	7.84934443846709e-07	c3	RPL36AL
2.40998562027062e-11	0.243677500633799	0.971	0.853	8.0826097732636e-07	c3	RPS6
2.41641439284603e-11	0.463284428498708	0.659	0.554	8.104170590727e-07	c3	UBXN1
2.44372432658883e-11	0.651902814979411	0.235	0.125	8.1957626465136e-07	c3	FCMR
2.5255903697532e-11	0.336116304655136	0.814	0.728	8.47032498207828e-07	c3	PABPC1
2.54431050767885e-11	1.11215012777755	0.11	0.041	8.53310858065334e-07	c3	FXYD7
2.80152227142317e-11	0.83760842665235	0.351	0.228	9.39574539389903e-07	c3	BIRC3
3.26140532614779e-11	1.34713291471489	0.059	0.014	1.09381011828344e-06	c3	KIAA1147
3.40259470216768e-11	0.573407773415994	0.555	0.43	1.141162211213e-06	c3	RGS10
5.1170293606625e-11	0.333573775363962	0.812	0.684	1.71614930697899e-06	c3	EDF1
5.21965307402242e-11	0.502539971974205	0.641	0.531	1.75056724796564e-06	c3	OPTN
5.30415948561288e-11	0.669931634165104	0.133	0.054	1.77890900828485e-06	c3	SPINT2
6.35736711403578e-11	0.597748923896204	0.549	0.443	2.13213378270532e-06	c3	OCIAD2
7.78274809927811e-11	0.319252916685898	0.896	0.787	2.61017805753589e-06	c3	CD3D
9.46152541359591e-11	0.967388281464758	0.339	0.226	3.1732063932118e-06	c3	PPM1M
9.91374357127647e-11	0.365504950354894	0.875	0.731	3.3248713189347e-06	c3	MYL12B
1.10918376204361e-10	0.174794070393444	0.614	0.483	3.71998050114184e-06	c3	STK4
1.14116856816749e-10	0.756426705020395	0.233	0.13	3.82725114392014e-06	c3	RCAN3
1.15037016637739e-10	2.53286576878111	0.045	0.009	3.85811146399648e-06	c3	GATA3-AS1
1.17696407531356e-10	0.663236591160622	0.31	0.195	3.94730211578662e-06	c3	IKBKE
1.37982779745321e-10	0.344986006474993	0.98	0.922	4.62766646709859e-06	c3	LTB
1.42145185946147e-10	0.348916113353758	0.818	0.672	4.76726524626186e-06	c3	PPDPF
1.47321783920144e-10	2.82580522192938	0.035	0.006	4.94087798911378e-06	c3	LINC01678
1.53163938184125e-10	0.629368147487735	0.367	0.248	5.13681215881917e-06	c3	NME3
1.57472143862321e-10	0.391949538396699	0.775	0.628	5.28130076085451e-06	c3	PRR13
1.96534770028444e-10	2.13839342645581	0.039	0.007	6.59138311721394e-06	c3	ANKS1B
1.97893574754832e-10	0.341567171009325	0.657	0.517	6.63695471012757e-06	c3	TNFRSF1B
2.01036739505182e-10	0.743074937794447	0.229	0.128	6.74237016952478e-06	c3	MBOAT7
2.0664468887513e-10	0.740719278470186	0.431	0.315	6.93044957549411e-06	c3	SOCS2
2.125805235325e-10	0.519296098293212	0.327	0.204	7.12952559823297e-06	c3	LBH
2.14031883644629e-10	0.432358273040608	0.943	0.844	7.17820131367358e-06	c3	CD52
2.37179466711757e-10	1.51013779822091	0.08	0.027	7.95452495457891e-06	c3	LDOC1
2.39298150224697e-10	2.51150186522497	0.018	0.001	8.02558136223588e-06	c3	HRH1
2.46076549867755e-10	0.381556857862989	0.759	0.625	8.25291532946478e-06	c3	GUK1
2.81284865996084e-10	2.51664476790044	0.041	0.008	9.43373183577665e-06	c3	CLIP3
2.85680644484523e-10	2.32660650123692	0.037	0.007	9.58115745472193e-06	c3	GNG8
3.43310089194674e-10	1.06868924326655	0.171	0.085	1.1513933771411e-05	c3	SNRPN
3.98144982161868e-10	0.675045230610612	0.525	0.428	1.33529864117447e-05	c3	TWF2
4.34382664229872e-10	1.10853401318505	0.122	0.051	1.45683257929415e-05	c3	ADGRE1
4.75374601065495e-10	1.17907340046141	0.114	0.046	1.59431133705346e-05	c3	TULP4
5.10331766640404e-10	1.72429920501174	0.063	0.018	1.71155067895859e-05	c3	HS3ST1
5.71251989755553e-10	0.144727699475389	0.449	0.31	1.91586492324217e-05	c3	PBXIP1
5.87242822485181e-10	0.719288407667951	0.308	0.2	1.9694949780508e-05	c3	VOPP1
6.07091954959004e-10	0.323395717626821	0.824	0.704	2.03606499854151e-05	c3	EIF3K
6.96535705427347e-10	0.390446958940392	0.72	0.609	2.33604144886224e-05	c3	BRK1
7.31496093652696e-10	0.522415459109777	0.463	0.357	2.45329159889241e-05	c3	HERPUD1
1.06033857257463e-09	0.672752501268185	0.363	0.25	3.55616350470081e-05	c3	ATP6V0E2
1.14195363952095e-09	0.893204937575923	0.127	0.056	3.82988411622535e-05	c3	GALT
1.30489110835625e-09	0.22084506259108	0.102	0.039	4.37634379920519e-05	c3	GPR155
1.40674707509114e-09	0.446959361632501	0.676	0.547	4.71794834044068e-05	c3	PYCARD
1.53595409846741e-09	3.69606775670854	0.031	0.005	5.15128285544001e-05	c3	FANK1
1.54494147759387e-09	0.292746565820497	0.839	0.706	5.18142472755432e-05	c3	MIF
1.69665923329481e-09	1.14238071563268	0.194	0.107	5.69025573662413e-05	c3	TMEM134
1.85023207407327e-09	0.522057466060248	0.588	0.49	6.20530833002695e-05	c3	ANXA11
2.13580440380802e-09	0.576381656352569	0.18	0.091	7.16306080949135e-05	c3	TSC22D3
2.31052077364874e-09	0.173733326670114	0.445	0.318	7.74902457066313e-05	c3	IL10RA
2.50727919693687e-09	1.67472557920793	0.124	0.056	8.40891297068688e-05	c3	RGS1
2.72568380421742e-09	1.70153188987461	0.065	0.02	9.14139834258437e-05	c3	PMCH
2.74333962614017e-09	1.99763210205229	0.041	0.009	9.2006124381489e-05	c3	NCF2
2.84993978072309e-09	1.88794706983696	0.041	0.009	9.55812803658908e-05	c3	TRAV25
3.04557290175275e-09	0.166982719455509	0.343	0.219	0.000102142423978984	c3	ARID5B
3.162980628539e-09	0.289793760829359	0.776	0.687	0.000106080044319941	c3	SSR4
3.22133146475034e-09	0.294169692730619	0.78	0.659	0.000108037014664797	c3	CNBP
3.26668177777761e-09	1.23024280626876	0.094	0.036	0.000109557973463106	c3	DBNDD2
3.27043324541304e-09	0.78335592552581	0.371	0.272	0.000109683790184662	c3	TYMP
3.3209207567408e-09	0.302187703427933	0.896	0.74	0.000111377040339573	c3	ARPC3
3.5794170649863e-09	0.471413642344964	0.631	0.524	0.000120046489525511	c3	FKBP1A
3.58005289974501e-09	1.13536782048931	0.098	0.039	0.000120067814151648	c3	FBXL8
3.72554505132112e-09	0.728369131911716	0.224	0.129	0.000124947329931208	c3	KDSR
3.81136458611836e-09	0.417629198365637	0.798	0.677	0.000127825545489237	c3	TRIR
3.91377189509661e-09	1.26588846214218	0.037	0.007	0.00013126008181775	c3	AC139720.1
4.47146167257086e-09	1.19395220891111	0.055	0.015	0.000149963881574682	c3	TRAV26-1
4.5874025458288e-09	0.947460555745861	0.296	0.195	0.000153852306582006	c3	GRINA
4.960811439077e-09	0.765986924447498	0.08	0.028	0.000166375694043764	c3	ADTRP
5.42448309965423e-09	0.772022385508089	0.363	0.258	0.000181926314196203	c3	ZNF593
5.79356515491876e-09	0.302833321293498	0.816	0.701	0.000194304588165665	c3	HNRNPA1
5.8886870789258e-09	1.07852383667624	0.21	0.122	0.000197494787253013	c3	HLA-DMA
6.56974167211386e-09	0.383322827875568	0.282	0.177	0.000220335996199355	c3	CTSS
7.7712840347381e-09	2.06549927172915	0.059	0.018	0.000260633323957046	c3	LAIR2
8.08601240842518e-09	1.30688703989216	0.104	0.044	0.000271188684153764	c3	BDH2
8.23701093712434e-09	0.575537762818874	0.529	0.431	0.000276252872809276	c3	FIS1
8.2465022196496e-09	0.279399549563718	0.929	0.786	0.000276571191442608	c3	S100A11
8.36030388810243e-09	0.689116185650745	0.255	0.157	0.000280387871799179	c3	LIME1
8.8222262626566e-09	0.729021005061382	0.41	0.31	0.000295879824396977	c3	HLA-DRA
9.44763877620008e-09	5.48416569308915	0.01	0	0.000316854909276198	c3	ADGRG2
1.00520822920684e-08	0.291132754907514	0.984	0.846	0.000337126735911388	c3	RPS24
1.02284338102262e-08	0.321937432837655	0.839	0.699	0.000343041213127367	c3	SUB1
1.09069601783082e-08	0.382777391051472	0.659	0.534	0.0003657976304601	c3	ALDOA
1.10366160458076e-08	0.372974160148859	0.729	0.619	0.000370146028944294	c3	TRAPPC1
1.12627256170109e-08	0.322240528074905	0.924	0.745	0.000377729291743311	c3	SRP14
1.13873664154476e-08	0.438825295200599	0.643	0.547	0.000381909494841281	c3	UFC1
1.24306732126736e-08	0.323999695308418	0.376	0.256	0.000416899918206648	c3	IL16
1.25724860150081e-08	0.86068995170304	0.276	0.18	0.000421656035971342	c3	TPGS1
1.61742945029513e-08	0.404604386521223	0.684	0.585	0.000542453489039982	c3	PPP1R18
1.74560114809856e-08	1.18542014146389	0.127	0.061	0.000585439713049293	c3	SNAI3
1.78754084161932e-08	2.07192783682967	0.033	0.007	0.000599505447462287	c3	SLC35F3
1.8854879087359e-08	0.248671691866413	0.91	0.803	0.000632354934831846	c3	UBC
2.05501501345811e-08	0.970417376292017	0.261	0.168	0.000689210935213582	c3	NINJ1
2.07082223713685e-08	0.568206523380154	0.404	0.3	0.000694512361890957	c3	CMTM3
2.16091208324802e-08	0.475582518219977	0.567	0.46	0.000724726694479721	c3	LAMTOR5
2.38087147421551e-08	0.38043298983536	0.525	0.425	0.000798496675022397	c3	NSD3
2.42735314111252e-08	1.8384963782364	0.035	0.007	0.000814085696466318	c3	CCR10
2.55024805631847e-08	2.68208527404688	0.02	0.002	0.000855302193128087	c3	SEMA3G
2.57707922728152e-08	0.299313767876781	0.876	0.736	0.000864300831245677	c3	RPL27
2.90912427118546e-08	0.648192186132284	0.563	0.468	0.000975662098070181	c3	ISG15
3.17440974891796e-08	0.226405148659333	0.31	0.196	0.0010646335415921	c3	TRIM22
3.25043543769527e-08	1.03237966987894	0.3	0.21	0.00109013103709424	c3	SNAP47
3.67152542139857e-08	1.65636895852458	0.086	0.035	0.00123135619582865	c3	DNAJC25-GNG10
4.44810336828403e-08	0.460617227316622	0.573	0.489	0.0014918049076551	c3	GABARAPL2
4.51417346145634e-08	0.538455917641375	0.225	0.135	0.00151396349550323	c3	TNFSF14
4.90332517791006e-08	1.23802612046014	0.051	0.015	0.00164447719816748	c3	ZC3H12D
5.15397495860303e-08	0.286579886160181	0.535	0.431	0.00172854012161628	c3	CD3G
5.19278173894882e-08	1.18076748402759	0.08	0.031	0.00174155513960866	c3	DAPP1
5.93103729637998e-08	0.422763244512938	0.482	0.387	0.00198915128845992	c3	NOP53
5.96185272473829e-08	0.44846528191576	0.437	0.337	0.00199948616682273	c3	DHRS7
6.02829275272291e-08	0.453122270817997	0.629	0.544	0.00202176882340821	c3	SEPT1
6.06785190770315e-08	0.569306284677296	0.314	0.218	0.00203503617280548	c3	NBDY
6.10502831306e-08	1.13617898113756	0.069	0.024	0.00204750439563406	c3	TRAV29DV5
6.14875624570352e-08	0.881170911185462	0.116	0.053	0.00206216986968405	c3	NME4
6.26223809994989e-08	0.347009200448649	0.324	0.218	0.0021002294139612	c3	GRN
6.40194924195247e-08	0.994635789077778	0.216	0.132	0.00214708573676602	c3	SLC25A38
6.40896046317408e-08	1.74991890125451	0.039	0.01	0.00214943716013932	c3	AC133644.2
6.45931815830775e-08	0.545216473879718	0.298	0.2	0.00216632612393325	c3	MAST4
6.47554314271474e-08	0.322581060458418	0.794	0.666	0.00217176765920367	c3	ELOB
6.5379361362926e-08	1.06634817449246	0.112	0.051	0.00219269302138981	c3	SELENOM
6.96195657222408e-08	2.58419279513432	0.033	0.007	0.00233490099519251	c3	CPNE2
7.01651959274984e-08	0.369063804332845	0.647	0.556	0.00235320034101644	c3	EIF3G
7.7326292844841e-08	0.370125591068828	0.612	0.516	0.00259336920943028	c3	PEBP1
8.43474074823733e-08	0.550417574377328	0.429	0.332	0.00282884335214384	c3	TNIP1
8.72217591299525e-08	1.01213094553658	0.167	0.093	0.00292524335770035	c3	PHACTR2
9.28546210812429e-08	0.397619657505253	0.604	0.512	0.00311415828182272	c3	FKBP8
9.7570740361817e-08	0.93335975926712	0.157	0.085	0.00327232749025462	c3	LPAR2
9.7824557022129e-08	0.327281647266998	0.708	0.615	0.00328083999340816	c3	HCLS1
1.18045032135368e-07	0.319310019473168	0.563	0.475	0.00395899428775598	c3	LEPROTL1
1.23853324029283e-07	0.66366128768808	0.38	0.289	0.0041537927812941	c3	PHF11
1.3084613359693e-07	0.608219392300192	0.475	0.396	0.00438831762857383	c3	MAT2B
1.36823812374629e-07	0.66719689099585	0.404	0.32	0.00458879701942031	c3	REXO2
1.53499921549388e-07	0.615407647862662	0.41	0.323	0.00514808036892339	c3	ZMAT2
1.60398717844618e-07	0.192231397060059	0.902	0.804	0.00537945219907279	c3	RPS21
1.72129018218481e-07	0.721291151085178	0.216	0.132	0.00577286301301141	c3	NDFIP2
1.74763985782486e-07	1.61275238413453	0.065	0.024	0.00586123455517301	c3	SSH3
1.81887605748063e-07	0.285680348271123	0.782	0.673	0.00610014652157853	c3	NDUFB11
1.88697879690768e-07	0.278274977484775	0.543	0.45	0.00632854948906897	c3	CTSB
1.99982497700885e-07	0.559948051506654	0.424	0.33	0.00670701300789227	c3	SEPT9
2.04791664413494e-07	0.745816915123393	0.157	0.085	0.00686830284109975	c3	ABTB1
2.25265956722443e-07	0.373370354039984	0.675	0.586	0.00755496965655731	c3	UQCR10
2.41149404260342e-07	0.346040130085047	0.853	0.702	0.00808766872008335	c3	PSMB9
2.45920335378342e-07	3.34202064300564	0.016	0.001	0.00824767620791883	c3	RASGEF1A
2.49806437775758e-07	0.876694147243181	0.133	0.069	0.00837800831012339	c3	ZNF32
2.59382971305482e-07	0.605005500898292	0.061	0.021	0.00869918609164325	c3	CSGALNACT1
2.79013960265053e-07	0.205780763649557	0.99	0.919	0.00935757019936936	c3	ACTG1
2.79418575639381e-07	1.19832539312819	0.059	0.02	0.00937114018979356	c3	KDM6B
2.84263539064223e-07	6.11212587644649	0.008	0	0.00953363057313593	c3	AC097713.1
3.02283510340229e-07	0.423286009077543	0.682	0.592	0.0101379843697906	c3	AES
3.03771761094097e-07	0.486371526600287	0.455	0.371	0.0101878973235738	c3	EIF3E
3.13167333191135e-07	0.203151649443658	0.757	0.684	0.0105030060205643	c3	GSTK1
3.14662121508911e-07	2.43975823594206	0.022	0.003	0.0105531382311659	c3	TRBV7-4
3.23081254872006e-07	1.21848171082562	0.059	0.021	0.0108354991258973	c3	FXYD1
3.34643844689065e-07	0.685122078691649	0.39	0.307	0.0112232852631819	c3	MAD1L1
3.38159407537937e-07	3.74264089454203	0.02	0.003	0.0113411902100073	c3	EGLN3
3.7182856495069e-07	0.436986009544956	0.484	0.402	0.0124703864113162	c3	TOMM20
3.76260907737085e-07	0.282945793359386	0.906	0.761	0.0126190383236863	c3	LIMD2
4.33905309693254e-07	0.701853754234326	0.198	0.12	0.0145523162764923	c3	DUSP23
4.39470300710082e-07	0.312114671955865	0.684	0.611	0.0147389549452147	c3	RPL27A
4.40281328820945e-07	0.53665348784891	0.482	0.401	0.0147661552059969	c3	IMP3
4.47798705054467e-07	0.332206613543794	0.41	0.313	0.0150182729701167	c3	RHOH
4.64547472060249e-07	0.407409954300296	0.449	0.353	0.0155799931179566	c3	HSPB1
4.75071634293487e-07	0.675927245886314	0.169	0.096	0.015932952470935	c3	GNPDA1
5.00555946267623e-07	1.05764070906732	0.073	0.029	0.0167876453259235	c3	LINC00426
5.22414238818202e-07	0.772226087281732	0.318	0.235	0.0175207287414849	c3	SLC50A1
5.86791789189822e-07	1.24032515443844	0.088	0.039	0.0196798230258482	c3	GNAQ
6.5431811308998e-07	0.104625469476965	1	0.986	0.0219445208768117	c3	HLA-C
6.56087565732088e-07	0.327655162604644	0.714	0.589	0.0220038647795228	c3	DYNLL1
6.67793214898203e-07	0.352507579193246	0.669	0.597	0.0223964488412559	c3	CDC37
7.19065209173967e-07	0.4896426941522	0.569	0.493	0.0241160089852765	c3	UBE2L6
7.36714584867769e-07	2.62454940605116	0.014	0.001	0.0247079337472952	c3	ZDHHC23
7.41507371999137e-07	0.449190488784093	0.576	0.501	0.0248686742421071	c3	MRPS34
7.5348140625609e-07	0.435496654265881	0.575	0.492	0.0252702594030167	c3	TRAC
7.63086828552729e-07	0.531877800285047	0.286	0.198	0.0255924060560014	c3	EAPP
8.21072678412641e-07	1.36931131470233	0.051	0.017	0.0275371354886031	c3	RAMP1
8.5564778614775e-07	2.20729560763955	0.035	0.009	0.0286967154518232	c3	CDCP1
9.19328953560523e-07	0.269062774236812	0.763	0.642	0.0308324544445128	c3	PRDX2
9.23993866751629e-07	0.56010738878738	0.182	0.109	0.0309889063031161	c3	PLCG1
9.42017610541919e-07	0.363273044183313	0.692	0.598	0.0315933866223549	c3	NDUFS5
9.60415519997372e-07	0.276852909969281	0.745	0.622	0.0322104157096719	c3	PARK7
1.04350194658062e-06	2.98047326313851	0.02	0.003	0.0349969682844207	c3	LRRC32
1.0480195689321e-06	0.922247518806322	0.129	0.069	0.0351484803028448	c3	ZMAT3
1.07460024444353e-06	0.460400399010887	0.482	0.393	0.0360399429981472	c3	ANXA7
1.16092895013428e-06	0.327828328732453	0.678	0.582	0.0389352351296035	c3	ATP5PB
1.18840916483086e-06	0.45133220239408	0.563	0.492	0.0398568665700974	c3	ANAPC16
1.19599842421981e-06	0.430849965751493	0.575	0.504	0.0401113951514839	c3	CCDC85B
1.48649297318869e-06	0.581491790398477	0.465	0.383	0.0498540013348022	c3	DDIT4
