p_val	avg_log2FC	pct.1	pct.2	p_val_adj	cluster	gene
1.26121888678208e-90	2.92402207523683	0.888	0.169	4.22987590248972e-86	c10	TOP2A
5.99636448160565e-89	2.88580120825498	0.925	0.182	2.0110607198409e-84	c10	UBE2C
3.55924730685028e-77	3.86536192374266	0.477	0.05	1.19370036177145e-72	c10	MXD3
2.3000951007113e-72	2.95065099961064	0.692	0.118	7.71405894876556e-68	c10	CDK1
2.77954186389622e-68	2.82098718372479	0.991	0.495	9.32202750313513e-64	c10	STMN1
5.49695194303217e-64	4.22930835120587	0.243	0.013	1.84356774265413e-59	c10	PIMREG
1.94374606567675e-63	2.8298340431277	0.972	0.377	6.51893555506668e-59	c10	HIST1H4C
4.67797223665205e-62	2.45171421912807	1	0.592	1.56889832872836e-57	c10	TUBA1B
5.98260660574312e-62	2.76413865624301	0.757	0.167	2.00644660343413e-57	c10	CENPF
4.14604267072532e-61	2.47302604741987	0.86	0.232	1.39049979090786e-56	c10	CKS1B
2.92365517806291e-60	2.40921162787961	1	0.667	9.80535473618738e-56	c10	TUBB
3.5207419600424e-57	2.22497578147675	0.991	0.455	1.18078643855902e-52	c10	HMGB2
4.81592553139768e-56	2.52134613497307	0.832	0.237	1.61516510472015e-51	c10	H2AFX
1.68820876131017e-53	2.33737174630347	0.607	0.116	5.66191454368203e-49	c10	ASPM
6.56496134656637e-52	2.71095999946308	0.57	0.105	2.20175673641143e-47	c10	CDCA3
2.09228520945358e-51	2.68852569948116	0.729	0.187	7.01710613546541e-47	c10	NUSAP1
5.15004569313336e-48	2.00148548472524	0.981	0.535	1.72722232456307e-43	c10	HMGN2
1.15737147618958e-47	2.69870877815001	0.561	0.113	3.88159245684462e-43	c10	KIFC1
2.02618637269265e-47	2.29324817475323	0.654	0.147	6.7954238567366e-43	c10	CCNA2
5.86648538090556e-46	2.12950203401984	0.748	0.203	1.96750186704811e-41	c10	TPX2
5.4233824994595e-45	2.5033493117916	0.664	0.168	1.81889402266873e-40	c10	CDKN3
7.21553560792122e-45	1.98901009865526	0.841	0.281	2.41994633218462e-40	c10	MKI67
7.99729887062249e-44	2.02444860537996	0.776	0.232	2.68213409522937e-39	c10	IDH2
2.05607637538772e-43	1.28253833756821	1	0.897	6.89566894777535e-39	c10	PTMA
6.80246597418495e-43	1.88721001192492	0.935	0.438	2.28141103842215e-38	c10	TUBB4B
3.32970033157633e-42	1.46202751540052	0.991	0.764	1.11671489720407e-37	c10	HMGB1
8.98632991330871e-42	4.26039624249467	0.178	0.011	3.01383532632547e-37	c10	CRNDE
1.3082983333417e-41	3.43978954403224	0.215	0.017	4.38777095036141e-37	c10	TCEA3
3.28647148080881e-41	3.42560719841475	0.308	0.038	1.10221680523366e-36	c10	PSRC1
5.36707211668231e-41	2.4331085453993	0.523	0.108	1.80000864649291e-36	c10	AURKB
6.45353477690355e-41	2.56303794654051	0.636	0.171	2.16438649347791e-36	c10	CDKN2D
6.4827287119007e-40	1.99678458019032	0.692	0.191	2.17417755539726e-35	c10	KIF22
2.67963957968352e-39	1.80608084232697	0.897	0.353	8.98697522234259e-35	c10	TYMS
3.77382000434435e-39	2.19008951045235	0.57	0.129	1.26566375305701e-34	c10	CDCA8
1.33351793534274e-38	2.16797580313354	0.757	0.263	4.47235245155248e-34	c10	CENPM
2.66882796665737e-38	2.17708204356747	0.626	0.159	8.95071523457548e-34	c10	ASF1B
6.63908008315958e-38	2.10245540033663	0.654	0.181	2.22661467829006e-33	c10	BIRC5
2.74623427038284e-37	2.95144264634026	0.29	0.036	9.21032049600995e-33	c10	DIAPH3
8.10662787877975e-37	2.62936393170774	0.467	0.097	2.71880085798515e-32	c10	PKMYT1
4.41041482512854e-35	3.76807951531981	0.215	0.021	1.47916492405161e-30	c10	HIST2H2AB
1.0335848742674e-34	2.28968030698287	0.495	0.112	3.466436951318e-30	c10	GTSE1
1.07611044037089e-34	2.97692623723781	0.383	0.07	3.60905919491588e-30	c10	SPC25
1.92229906439252e-34	1.42995137889894	0.963	0.632	6.44700660215965e-30	c10	H2AFV
2.52593610729992e-34	1.47168128975779	0.972	0.685	8.47148451666247e-30	c10	UBB
5.63682031661547e-34	3.11920382070222	0.29	0.04	1.8904767977865e-29	c10	RMI2
1.21689784391829e-33	2.19217559543618	0.551	0.139	4.08123198893315e-29	c10	PLK1
2.11104285060193e-33	2.05528191330512	0.636	0.183	7.08001551234876e-29	c10	HIST1H1B
5.73609688349691e-33	2.55579515407649	0.439	0.095	1.9237721727872e-28	c10	CKAP2L
5.85518789687885e-33	4.49896698695504	0.075	0.002	1.96371291685523e-28	c10	PLEK2
3.91469594740946e-32	1.87187089455899	0.813	0.342	1.31291072684218e-27	c10	CKS2
7.0723662346485e-32	1.51083918636397	0.916	0.568	2.37193018777641e-27	c10	CALM2
8.99891284423963e-32	1.97202091333436	0.692	0.244	3.01805538970109e-27	c10	NUCB2
1.03200808449857e-31	1.50644235888927	0.963	0.567	3.4611487137913e-27	c10	ANP32B
1.33125439719828e-31	2.67343124363732	0.383	0.074	4.46476099732358e-27	c10	HJURP
2.24779280701858e-31	1.86423704080864	0.701	0.251	7.53864751617891e-27	c10	SMC4
9.26886465295928e-31	1.23169855797431	1	0.716	3.10859182730948e-26	c10	H2AFZ
2.98937479518642e-30	2.08990500061447	0.495	0.125	1.00257651880962e-25	c10	NCAPH
1.05917463925091e-29	2.58246504729515	0.355	0.068	3.5522599051197e-25	c10	NCAPG
1.17844241368021e-29	2.280661700307	0.439	0.1	3.9522601670007e-25	c10	TCF19
6.84974520604933e-29	1.52462032282926	0.907	0.515	2.29726754720482e-24	c10	TUBA4A
1.86399607825625e-28	2.01463707648617	0.383	0.078	6.2514700472558e-24	c10	HYI
2.58251759944187e-28	2.37390621585536	0.374	0.077	8.66124752500814e-24	c10	POC1A
3.78265004807096e-28	2.57984927347803	0.346	0.068	1.26862517312204e-23	c10	CDCA2
3.84659770600772e-28	2.98585494694762	0.327	0.061	1.29007193864087e-23	c10	HIST1H3B
3.88334815735762e-28	2.20956399993758	0.383	0.08	1.3023973050146e-23	c10	HMMR
6.12789421150613e-28	2.51585551602363	0.299	0.051	2.05517316065492e-23	c10	NEIL3
6.67538401509494e-28	2.9681595594466	0.271	0.043	2.23879029098254e-23	c10	AC011603.2
6.73766551294392e-28	2.46440202271466	0.458	0.12	2.25967825973113e-23	c10	CDT1
1.29335904726819e-27	1.95415837482014	0.72	0.296	4.33766757272806e-23	c10	PCNA
4.84425585425181e-27	2.2206156285229	0.393	0.088	1.62466652839897e-22	c10	CDCA5
7.38337192401782e-27	2.51950041767897	0.439	0.111	2.4762352758771e-22	c10	WDR34
1.06912917085568e-26	2.30869081358514	0.374	0.081	3.58564541321579e-22	c10	KIF2C
1.59419995973229e-26	1.69237612781911	0.832	0.444	5.34662782495017e-22	c10	DUT
1.80170411618285e-26	2.88836756575636	0.243	0.036	6.04255526485403e-22	c10	NEK2
3.29025863421221e-26	2.60164980756713	0.271	0.045	1.10348694074209e-21	c10	KIF15
3.78300145668257e-26	2.39417514151806	0.327	0.064	1.2687430285422e-21	c10	KIF14
5.47478572438765e-26	1.88958340191691	0.673	0.274	1.83613363624513e-21	c10	TUBA1C
6.94571949895708e-26	2.47784201158747	0.374	0.084	2.32945540556023e-21	c10	CENPA
1.2408934257402e-25	2.80780779107553	0.262	0.043	4.16170837124747e-21	c10	KIF20A
4.54828453363034e-25	2.67717796228171	0.252	0.041	1.52540366688894e-20	c10	PBK
4.99666385985515e-25	2.60447139349837	0.224	0.032	1.67578112531822e-20	c10	ESPL1
5.9302490879829e-25	6.42961731020872	0.047	0.001	1.9888869391277e-20	c10	LYPD5
9.56457901713448e-25	7.7707327141496	0.028	0	3.20776851076656e-20	c10	YBX2
1.06317181625379e-24	4.72282620650334	0.093	0.005	3.56566563735197e-20	c10	ZNF683
2.42164759505313e-24	1.90171558234904	0.477	0.136	8.12172170428919e-20	c10	CCNB2
4.29522545225853e-24	2.85333598653423	0.215	0.031	1.44053271217846e-19	c10	C8orf88
7.6377227125473e-24	2.89507118679807	0.262	0.046	2.56153944333411e-19	c10	MND1
1.02785814210577e-23	1.77912692777612	0.589	0.211	3.44723063699432e-19	c10	DDB2
1.40167902427654e-23	1.85188680539957	0.505	0.157	4.70095111161867e-19	c10	EZH2
4.74661206380306e-23	1.33394418701852	0.72	0.296	1.59191875395827e-18	c10	TMPO
5.81593217994701e-23	1.82382604812806	0.449	0.129	1.95054733451063e-18	c10	NCAPD2
6.85716035582645e-23	1.82389417678589	0.561	0.193	2.29975444013708e-18	c10	UBE2T
1.95087315780532e-22	1.33130679035421	0.841	0.44	6.54283839664747e-18	c10	CARHSP1
2.97924457805647e-22	0.752474123117657	0.991	0.86	9.99179046588577e-18	c10	PPIA
3.31448511690414e-22	1.79210637329508	0.514	0.16	1.11161201850731e-17	c10	UHRF1
3.94377012183616e-22	2.52644803015182	0.28	0.056	1.32266162346141e-17	c10	DEPDC1B
5.87965223399463e-22	1.85786702039873	0.589	0.226	1.97191776623712e-17	c10	MCM7
7.08526396961753e-22	2.25973978032023	0.336	0.078	2.37625583013033e-17	c10	SGO1
7.31257129453452e-22	2.45709565294774	0.252	0.045	2.45249016076099e-17	c10	HIST1H2AH
7.35340275576414e-22	1.69720638552408	0.449	0.129	2.46618421622818e-17	c10	FAM111A
7.56828639507671e-22	1.79343862094412	0.57	0.216	2.53825189118083e-17	c10	TK1
1.22076328787925e-21	1.12233854101943	0.944	0.609	4.09419591488943e-17	c10	CALM3
1.4587309666112e-21	2.4288326726746	0.374	0.098	4.89229191582065e-17	c10	SAC3D1
1.52936215665433e-21	1.70237388765665	0.364	0.09	5.12917480098731e-17	c10	ODF2
1.75218388838277e-21	2.80034004275373	0.243	0.044	5.87647432485814e-17	c10	PIDD1
1.75643803681317e-21	1.66167766688371	0.57	0.21	5.89074188786402e-17	c10	DTYMK
1.82902869773362e-21	1.86761632848331	0.318	0.07	6.13419644645902e-17	c10	BUB1
2.1913317133828e-21	1.25900078380466	0.86	0.492	7.34928830034324e-17	c10	DEK
2.52720818975199e-21	2.54321038205235	0.29	0.062	8.47575082679024e-17	c10	RAD51AP1
3.07256328630151e-21	1.55296296595851	0.495	0.157	1.0304762749598e-16	c10	KIF20B
6.3020695414346e-21	2.52032377641391	0.15	0.017	2.11358808280634e-16	c10	LMO7
1.01878624470608e-20	2.75160357411967	0.243	0.045	3.41680530749524e-16	c10	PRC1
1.02929822232067e-20	1.80761834451124	0.514	0.174	3.45206037801905e-16	c10	CDC20
1.09832382359707e-20	1.92831294706609	0.43	0.131	3.68355843957984e-16	c10	CDCA4
1.31903218208441e-20	2.00144227985828	0.402	0.114	4.42377013227471e-16	c10	NRM
1.5354211565593e-20	2.56514894142726	0.252	0.049	5.14949547486859e-16	c10	HIST1H3C
1.63619192204875e-20	2.01579984752736	0.701	0.304	5.48746046816709e-16	c10	HIST1H1E
1.7444782101257e-20	1.9017838613211	0.598	0.245	5.85063102111958e-16	c10	KPNA2
1.83201879691259e-20	1.95980428461559	0.449	0.141	6.14422464108545e-16	c10	RACGAP1
4.77437965820185e-20	0.829661606795416	0.981	0.792	1.60123144976774e-15	c10	H3F3A
5.66387253422392e-20	2.11968583046919	0.346	0.088	1.89954957052802e-15	c10	NUF2
7.52506186883248e-20	2.10051648628885	0.346	0.089	2.52375524956904e-15	c10	CENPE
8.86473051205356e-20	1.42671468662185	0.589	0.222	2.97305331913252e-15	c10	LMNB1
1.01851360660201e-19	1.88688530338086	0.318	0.076	3.41589093382183e-15	c10	KNL1
1.43737155724849e-19	1.9731406259859	0.374	0.103	4.82065672869998e-15	c10	NDC80
1.58393467041696e-19	1.75875562002363	0.598	0.246	5.31220009764439e-15	c10	HIST1H1C
1.81574444434533e-19	2.49947875943295	0.206	0.034	6.08964371744538e-15	c10	GPSM2
1.89626741032814e-19	1.86258704554101	0.355	0.093	6.35970164075852e-15	c10	INCENP
2.53587463590499e-19	2.33011259386505	0.364	0.101	8.50481635389815e-15	c10	CENPU
4.6539972313906e-19	0.921345357795005	0.953	0.675	1.56085759146378e-14	c10	SLC25A5
5.30454566236872e-19	1.60472678872184	0.514	0.186	1.77903852424522e-14	c10	CENPW
6.13081358480415e-19	1.50041948629297	0.701	0.351	2.05615226007161e-14	c10	PTTG1
7.32090177557858e-19	1.36119638949697	0.551	0.202	2.45528403749354e-14	c10	HIST1H1D
9.87989101591648e-19	1.98405451742378	0.393	0.117	3.31351784891807e-14	c10	CDKN2C
1.26137370712087e-18	1.41263180514892	0.664	0.311	4.23039513894197e-14	c10	NUCKS1
1.40512737209041e-18	1.34104901860113	0.495	0.168	4.71251618051682e-14	c10	TACC3
2.35437704373305e-18	1.22226985282368	0.766	0.389	7.89610972927191e-14	c10	DDX39A
2.47878089796899e-18	2.26124864684589	0.308	0.078	8.31333537560841e-14	c10	CENPH
6.79384285827037e-18	0.940250467468536	0.813	0.416	2.27851901780672e-13	c10	RARRES3
7.26372808461703e-18	0.658748967706845	1	0.91	2.43610912501886e-13	c10	RPS19
1.11899735781835e-17	2.16201694343834	0.262	0.059	3.75289333865119e-13	c10	CBR3
1.18778491735391e-17	2.75782318088325	0.178	0.029	3.98359305582154e-13	c10	HIST1H4F
1.22636406503207e-17	3.92346399411397	0.075	0.005	4.11297980130456e-13	c10	SYCE2
2.98269187096744e-17	0.944417977718309	0.963	0.709	1.00033519968506e-12	c10	HNRNPA1
5.09751644206107e-17	8.16740522612924	0.019	0	1.70960506433844e-12	c10	PADI4
5.09751644206107e-17	7.34781701781595	0.019	0	1.70960506433844e-12	c10	AC022395.1
5.09751644206107e-17	7.87226842989689	0.019	0	1.70960506433844e-12	c10	AC026333.4
5.09751644206107e-17	7.68427919044639	0.019	0	1.70960506433844e-12	c10	TRIM9
8.74944036781172e-17	0.799494760480978	0.86	0.455	2.9343873105567e-12	c10	CD7
1.2921157579633e-16	2.70687117548619	0.215	0.044	4.33349782905731e-12	c10	FKBPL
1.46156306840288e-16	2.57324395263502	0.168	0.028	4.90179021880958e-12	c10	KIF18A
1.55619175279637e-16	2.04871536384696	0.364	0.112	5.21915590052846e-12	c10	RPL39L
1.59678580588994e-16	2.17019371685401	0.28	0.071	5.35530023579368e-12	c10	FOXM1
1.6737631113226e-16	2.30246065933888	0.252	0.058	5.61346672275373e-12	c10	CCNF
1.67617886538566e-16	1.80965370961459	0.467	0.177	5.62156867873042e-12	c10	ARL6IP1
2.17379740533976e-16	2.14400187923376	0.215	0.043	7.29048173802848e-12	c10	FANCD2
2.23026791581789e-16	1.36582824553826	0.607	0.279	7.47987253607003e-12	c10	MAD2L2
2.54100931689658e-16	2.27640147977837	0.243	0.055	8.52203704700775e-12	c10	SPC24
2.54468513331601e-16	0.748833690736992	1	0.758	8.53436500011523e-12	c10	SUMO2
4.61599962054904e-16	1.71233967547807	0.402	0.136	1.54811395273974e-11	c10	CKAP2
7.67712571839886e-16	3.07784193171856	0.103	0.011	2.57475442343661e-11	c10	SMTN
9.53963516235607e-16	3.28540763828359	0.121	0.016	3.19940284075098e-11	c10	TRAV38-2DV8
1.25174879896677e-15	1.55577344197674	0.458	0.168	4.19811512197476e-11	c10	CLSPN
1.45114957618522e-15	1.36076841361354	0.458	0.168	4.86686544861e-11	c10	RAD51C
2.01477449639288e-15	1.92667790288855	0.299	0.083	6.75715070600245e-11	c10	SGO2
2.47840178417421e-15	4.13290717956665	0.065	0.005	8.31206390376345e-11	c10	NRGN
2.61183292197338e-15	1.74531508179528	0.374	0.122	8.75956525371434e-11	c10	CENPN
2.96889006964177e-15	0.77232933932469	0.981	0.731	9.95706351556456e-11	c10	RAN
3.19817968253207e-15	1.50255673257081	0.636	0.332	1.0726055019276e-10	c10	PHF19
3.27981079967655e-15	2.43042260658345	0.196	0.039	1.09998294599552e-10	c10	FAM111B
3.32641175475097e-15	1.06226232087401	0.738	0.414	1.11561197430838e-10	c10	RAD21
3.78757545461829e-15	4.77884375479658	0.047	0.002	1.27027705596988e-10	c10	TMSB15A
4.10765938826335e-15	0.854367306596213	0.71	0.355	1.37762680563576e-10	c10	HP1BP3
4.19273775922861e-15	1.91741495815824	0.252	0.063	1.40616038969009e-10	c10	KIF23
4.92978411780556e-15	2.54671814960784	0.075	0.006	1.65335099742963e-10	c10	CNN3
5.66753398219219e-15	0.782174538302645	0.953	0.716	1.90077754694762e-10	c10	PSMB9
6.0052444282348e-15	5.234238409459	0.028	0.001	2.01403887634139e-10	c10	TCEAL2
6.07286653499704e-15	1.8326690714489	0.308	0.089	2.03671797850731e-10	c10	DLGAP5
9.29936652173423e-15	0.876292347028319	0.925	0.656	3.11882154405923e-10	c10	HNRNPF
1.01884305837924e-14	1.86097218638741	0.299	0.086	3.41699584919229e-10	c10	HAUS8
1.09679218636496e-14	2.01470745864516	0.159	0.027	3.67842163463082e-10	c10	ARMH1
1.12955502450731e-14	1.33279496014843	0.664	0.353	3.78830164119262e-10	c10	NUDT1
1.21638479250951e-14	0.923688575661035	0.28	0.071	4.07951131711839e-10	c10	TNFSF8
1.72341167033823e-14	2.65007665058799	0.075	0.006	5.77997805998035e-10	c10	KIF24
2.4315140136808e-14	1.34217799163511	0.514	0.214	8.15481169908267e-10	c10	ZWINT
2.54483681809868e-14	2.06049408894641	0.336	0.108	8.53487372053934e-10	c10	TROAP
3.89947318573473e-14	1.38460650470569	0.439	0.163	1.30780531703171e-09	c10	CCNB1
4.06954016535636e-14	1.7661197850555	0.393	0.14	1.36484238065721e-09	c10	MAD2L1
4.67059476566067e-14	1.11867728304064	0.617	0.295	1.56642407250728e-09	c10	MAL
5.1902232927314e-14	1.7219849568711	0.29	0.083	1.74069708791626e-09	c10	CENPT
5.1931369736457e-14	3.78734919321898	0.047	0.002	1.7416742782213e-09	c10	AP000251.1
5.28197141945465e-14	2.37554102495515	0.243	0.062	1.7714675746567e-09	c10	CEP55
5.71489912116886e-14	1.99936001632656	0.252	0.066	1.91666286725761e-09	c10	SPAG5
5.87109673132401e-14	1.79033812560302	0.28	0.081	1.96904842175145e-09	c10	TTF2
6.00401124120776e-14	1.5444955547519	0.505	0.218	2.01362529007626e-09	c10	FEN1
7.05701496251224e-14	2.06409680083675	0.234	0.058	2.36678167812736e-09	c10	MELK
7.77610463193558e-14	1.36438829074747	0.645	0.349	2.60794997145855e-09	c10	TMEM106C
8.18583890122635e-14	1.51151092299961	0.252	0.065	2.74536665069329e-09	c10	LINC02273
9.17460027112972e-14	2.31599379486802	0.093	0.011	3.07697743893149e-09	c10	XCL1
1.14814711344194e-13	1.09506697255255	0.673	0.355	3.85065578906158e-09	c10	DCXR
1.41819365751818e-13	1.16586911309809	0.72	0.414	4.75633788858446e-09	c10	SIVA1
1.44637182498823e-13	0.743856012415528	0.963	0.733	4.85084182664551e-09	c10	PSME1
1.82044005364369e-13	1.06680780464606	0.71	0.389	6.10539185191022e-09	c10	CDC25B
2.13708232154917e-13	1.89524305371376	0.234	0.059	7.16734669001162e-09	c10	KIF11
2.63061123601808e-13	0.746934826321212	0.925	0.686	8.82254396335745e-09	c10	TRIR
3.61430206999149e-13	1.16812621486626	0.71	0.421	1.21216462823375e-08	c10	HNRNPA0
3.67709478441e-13	1.33134925409187	0.449	0.184	1.23322404879542e-08	c10	ATAD2
4.35947876842644e-13	1.68884467900455	0.318	0.104	1.46208198935486e-08	c10	FANCI
4.74004479135187e-13	1.54966950590518	0.374	0.135	1.58971622212359e-08	c10	HIRIP3
4.78588330752922e-13	0.913173734775967	0.794	0.47	1.60508954367915e-08	c10	RALY
5.01291173663563e-13	1.12811276118178	0.832	0.557	1.68123033823286e-08	c10	COTL1
5.12691478931424e-13	1.14205242619486	0.701	0.405	1.71946468204021e-08	c10	BANF1
5.76440325520538e-13	1.02185347515928	0.748	0.447	1.93326556373078e-08	c10	LSM4
5.99536832507382e-13	1.93969954117131	0.103	0.014	2.01072662886326e-08	c10	FAM193B
6.61340032182018e-13	1.26428525334184	0.477	0.203	2.21800219993205e-08	c10	IMPDH2
7.50015641016161e-13	2.22092534886605	0.206	0.05	2.51540245684e-08	c10	KIF4A
7.99559512256053e-13	0.879397875104631	0.907	0.637	2.68156269220435e-08	c10	PLP2
8.05739381888059e-13	1.68019000146405	0.336	0.116	2.70228873897617e-08	c10	LIG1
1.10813239953318e-12	2.53379571014725	0.14	0.025	3.71645444155438e-08	c10	CHTF18
1.39008061197205e-12	1.86063486285836	0.336	0.118	4.66205235643187e-08	c10	AC084033.3
1.42427451046096e-12	1.17224641112657	0.514	0.232	4.77673185318398e-08	c10	MCM3
1.5189612537556e-12	1.8756521055761	0.215	0.054	5.09429225284553e-08	c10	HIST1H2AL
1.5539197937543e-12	1.11408723751656	0.664	0.36	5.21153620429319e-08	c10	RHEB
1.632925225567e-12	0.564673999991881	1	0.863	5.47650462150659e-08	c10	HNRNPA2B1
1.668228184187e-12	2.32809489244903	0.178	0.039	5.59490368412637e-08	c10	DEPDC1
1.69103763668616e-12	4.79453832971546	0.028	0.001	5.67140202591806e-08	c10	NEXN
1.7314501389546e-12	1.85049463780293	0.271	0.081	5.80693747602595e-08	c10	NCAPG2
1.82535083820541e-12	3.07184191892735	0.14	0.026	6.12186164117331e-08	c10	HIST1H3F
2.33589754325388e-12	0.789407483467304	0.935	0.685	7.83413318056485e-08	c10	PPDPF
2.73112176686826e-12	1.82425531133256	0.206	0.051	9.15963618172277e-08	c10	PARP2
2.87674109138629e-12	1.10207439501633	0.72	0.431	9.64801427229135e-08	c10	DCTN3
3.4480784304372e-12	1.66715212964866	0.252	0.072	1.15641654400003e-07	c10	ATAD5
3.84383221199301e-12	1.7803327437108	0.299	0.097	1.28914444725821e-07	c10	NCAPH2
4.59345079775e-12	2.55990467943981	0.206	0.052	1.54055152854939e-07	c10	ESCO2
4.84695929935455e-12	0.699499817314408	0.963	0.805	1.62557320981753e-07	c10	IFITM1
4.91003401246101e-12	1.40132374177947	0.187	0.042	1.64672720709917e-07	c10	IFNGR2
5.03248820940782e-12	3.3804822724581	0.065	0.006	1.68779589567119e-07	c10	PRSS16
5.50462171119221e-12	1.55761176547924	0.393	0.152	1.84614002949964e-07	c10	HMGB3
6.18066846056944e-12	1.59382806301707	0.215	0.056	2.07287258830578e-07	c10	ANLN
6.40155308748145e-12	1.35096403296644	0.327	0.111	2.14695287447953e-07	c10	RRM2
7.28279234296326e-12	2.46190541493029	0.14	0.027	2.44250289598302e-07	c10	CDC25C
1.00723157736699e-11	4.25189821718684	0.037	0.002	3.3780532641734e-07	c10	AL928654.1
1.01441394622746e-11	1.34711399195503	0.402	0.159	3.40214149285765e-07	c10	LRR1
1.02063768598212e-11	4.02083036224231	0.037	0.002	3.42301467124684e-07	c10	ZNF850
1.05785463119188e-11	0.779757005545967	0.813	0.545	3.54783286209134e-07	c10	BUB3
1.06398585777801e-11	2.06907757502945	0.206	0.053	3.5683957698159e-07	c10	PARPBP
1.19408194540628e-11	1.54733384735777	0.336	0.12	4.00471202850358e-07	c10	AURKA
1.20240285139547e-11	1.16840552059757	0.449	0.193	4.03261868301014e-07	c10	RASSF1
1.46676615488494e-11	7.10810143497251	0.019	0	4.91924033025312e-07	c10	KIAA1211L
1.46676615488494e-11	6.28557343228056	0.019	0	4.91924033025312e-07	c10	OCLN
1.46676615488494e-11	7.01192882436442	0.019	0	4.91924033025312e-07	c10	AP000880.1
1.50404051033866e-11	4.77158832214202	0.019	0	5.04425106357381e-07	c10	AC091965.4
1.50404051033866e-11	3.77862467111476	0.019	0	5.04425106357381e-07	c10	ALDH7A1
1.65887993706469e-11	1.21834845759497	0.467	0.209	5.56355153292755e-07	c10	TUBA1A
1.66706336686244e-11	1.36529595587889	0.421	0.178	5.59099711978326e-07	c10	SMC2
1.78290217901508e-11	1.89265430311151	0.178	0.041	5.97949732798079e-07	c10	GINS4
2.20891292882327e-11	1.90181787631563	0.196	0.05	7.40825218068747e-07	c10	SPDL1
2.65295670750085e-11	1.04902219403632	0.673	0.41	8.89748620561636e-07	c10	NAP1L1
2.78518183164209e-11	1.65177312763775	0.224	0.061	9.34094282696125e-07	c10	PLAC8
2.85934941030964e-11	2.13880510710154	0.168	0.039	9.58968605229646e-07	c10	E2F8
2.88633355733187e-11	1.46074981536802	0.299	0.102	9.68018548457963e-07	c10	FBXO5
2.91622819033293e-11	2.2740771681307	0.121	0.021	9.78044610473857e-07	c10	KIF18B
2.91934931555461e-11	0.900926341041178	0.748	0.496	9.79091373450707e-07	c10	UBE2L6
3.0363061752848e-11	0.709118572448767	0.692	0.388	1.01831636506702e-06	c10	FYB1
3.28595426422014e-11	1.91826573436541	0.159	0.035	1.10204334113415e-06	c10	BUB1B
3.38540498411336e-11	2.10413569855325	0.187	0.046	1.13539712357194e-06	c10	CIT
3.83718067651772e-11	0.820934253959739	0.832	0.556	1.28691365529051e-06	c10	HMGN1
4.22357797106403e-11	0.651809562831057	0.794	0.485	1.41650357993545e-06	c10	GIMAP7
4.49095351107627e-11	0.786838294167393	0.804	0.498	1.50617598854476e-06	c10	YWHAH
4.65386674329687e-11	0.952133566208277	0.841	0.598	1.56081382836691e-06	c10	BAX
4.81788414056654e-11	0.984687484516714	0.617	0.329	1.61582198306321e-06	c10	SMC1A
5.10038847846298e-11	2.66379445101574	0.131	0.025	1.71056828790691e-06	c10	AGBL5
5.23387944343412e-11	1.78561863769929	0.29	0.1	1.75533848773894e-06	c10	FDXR
5.33433156509324e-11	2.71772344847125	0.075	0.009	1.78902812030097e-06	c10	ZNF823
5.60640366490669e-11	1.16525860486307	0.364	0.139	1.88027566113641e-06	c10	GLIPR2
7.60941037707526e-11	1.21084467973551	0.514	0.254	2.5520440522635e-06	c10	SAE1
7.79147406829108e-11	0.678237279175701	0.925	0.65	2.61310457302346e-06	c10	PRDX2
7.95714608978207e-11	1.84315779618944	0.187	0.047	2.66866765559111e-06	c10	HIST1H3G
8.07841279071791e-11	1.37492937099689	0.196	0.051	2.70933808175097e-06	c10	DDX11
8.1211221327643e-11	1.07318143493695	0.514	0.244	2.72366194088649e-06	c10	DNAJC9
8.42528642093421e-11	2.15763768686409	0.243	0.076	2.82567255985291e-06	c10	CCDC34
8.53896087667143e-11	3.01195632700994	0.056	0.005	2.86379669881806e-06	c10	ANKRD9
8.75588606964565e-11	0.800376232655096	0.766	0.501	2.93654907003776e-06	c10	NOSIP
8.95063842207474e-11	0.736714005996176	0.813	0.535	3.00186511399543e-06	c10	C12orf57
9.44901395336792e-11	5.77487604612083	0.028	0.001	3.16901029968053e-06	c10	GNA11
9.52393690979102e-11	5.80251371025103	0.028	0.001	3.19413796080571e-06	c10	GBP7
9.75220765687823e-11	4.61974964571153	0.028	0.001	3.27069540396382e-06	c10	AC008771.1
9.75220765687823e-11	4.75489526150218	0.028	0.001	3.27069540396382e-06	c10	GAS2L3
1.12728142288183e-10	0.725730522236484	0.206	0.054	3.78067643606109e-06	c10	BACH2
1.17253293238115e-10	2.49071842904625	0.131	0.026	3.93244094861988e-06	c10	RCCD1
1.17685776590874e-10	0.499038478086996	1	0.936	3.94694557530475e-06	c10	RPLP1
1.20727363973984e-10	1.96560324064316	0.243	0.075	4.04895433295948e-06	c10	LMNB2
1.23450223260748e-10	1.17617291193022	0.364	0.145	4.14027358771897e-06	c10	CKAP5
1.24526339454902e-10	1.47455891358382	0.29	0.1	4.1763643726385e-06	c10	BARD1
1.24981547471674e-10	0.562312893438305	1	0.822	4.19163113910502e-06	c10	RAC2
1.25522846759499e-10	1.17402878512176	0.364	0.137	4.20978523462009e-06	c10	C1orf162
1.27817624797897e-10	2.10533321573129	0.215	0.063	4.28674750047188e-06	c10	HYLS1
1.35613554748938e-10	0.790842259766342	0.682	0.374	4.54820739916989e-06	c10	FDPS
1.39116069879895e-10	1.5551059190909	0.187	0.047	4.66567475163192e-06	c10	BCAS4
1.39284730604553e-10	0.763103158571688	0.701	0.414	4.67133129501548e-06	c10	H2AFY
1.45883849010655e-10	1.07082055749879	0.514	0.254	4.89265252811935e-06	c10	RRM1
1.46182345756244e-10	1.08847785300396	0.607	0.343	4.9026635119729e-06	c10	PHPT1
1.53323380185254e-10	1.62678436956487	0.336	0.131	5.14215952465305e-06	c10	TUBG1
1.55444506891215e-10	1.75085367735468	0.28	0.098	5.21329787211757e-06	c10	KNSTRN
1.75623773216242e-10	0.470027158977516	0.991	0.832	5.89007010612631e-06	c10	RPL23A
1.88652602534722e-10	1.29587423640935	0.355	0.14	6.32703098380952e-06	c10	LYSMD2
1.96428639048251e-10	0.857325218356599	0.701	0.415	6.58782369640024e-06	c10	GNAS
2.03644327845958e-10	2.29174947965664	0.196	0.053	6.82982346729774e-06	c10	HIST1H3H
2.08743782533651e-10	2.1977162655381	0.065	0.007	7.00084897861357e-06	c10	HIST3H2BB
2.11175045000884e-10	1.7465808611618	0.168	0.04	7.08238865923965e-06	c10	TAF5
2.3484814007056e-10	1.13333053914065	0.551	0.299	7.87633692168643e-06	c10	HMGA1
2.36409265593248e-10	2.56499517823002	0.121	0.023	7.92869394946635e-06	c10	HIST1H2BF
2.48263248509765e-10	0.964834891471072	0.421	0.182	8.32625282852051e-06	c10	MIS18BP1
2.56381339744047e-10	2.4824900209432	0.168	0.042	8.59851737233584e-06	c10	RAD54L
2.65162876809528e-10	1.92757565231323	0.206	0.058	8.89303256243796e-06	c10	TRIP13
2.73918364523976e-10	1.46851628937048	0.308	0.114	9.1866741094051e-06	c10	RBBP8
2.84314267566094e-10	1.74564374691893	0.234	0.073	9.53533190563165e-06	c10	BRCA1
3.10753966999995e-10	1.06319112978909	0.374	0.154	1.04220665452458e-05	c10	CNTRL
3.1179812517722e-10	0.727690631463879	0.318	0.107	1.04570855221936e-05	c10	TCF7
3.16285846320983e-10	1.7377743548252	0.121	0.023	1.06075947139131e-05	c10	CNTROB
3.18839259552313e-10	1.8315697908545	0.215	0.063	1.06932310868655e-05	c10	ARHGEF39
3.32447312198271e-10	2.74059345784245	0.084	0.012	1.11496179565056e-05	c10	FBLN5
3.40802731266767e-10	4.01731495067722	0.047	0.004	1.14298420012248e-05	c10	RAB13
3.68886458741099e-10	3.05905694799336	0.047	0.004	1.2371714053259e-05	c10	AC002310.2
4.38086393788979e-10	0.492899081586172	0.972	0.801	1.46925414748948e-05	c10	EEF1D
4.58698325621449e-10	1.24935661062253	0.299	0.108	1.53838244446922e-05	c10	DESI2
4.61056832973375e-10	1.03030787931257	0.215	0.06	1.5462924064261e-05	c10	SPINT2
5.03941931817246e-10	1.94781577659045	0.159	0.037	1.69012045092868e-05	c10	PRR11
5.1554145376986e-10	2.53756731321919	0.159	0.039	1.72902292765336e-05	c10	SKA3
5.24067752113276e-10	1.20961213145915	0.393	0.168	1.75761842703751e-05	c10	EMC9
6.67257456550377e-10	2.497169449262	0.15	0.035	2.23784805777865e-05	c10	HASPIN
6.78719626519879e-10	2.23236254773073	0.103	0.018	2.27628988342237e-05	c10	HIST1H2BB
7.71840571638718e-10	1.15228941413709	0.28	0.097	2.58859890916193e-05	c10	TIFA
7.90769992526789e-10	0.815801894327413	0.551	0.298	2.65208440093635e-05	c10	PSIP1
8.20656647378143e-10	0.962378789996778	0.617	0.356	2.75231826397682e-05	c10	DNMT1
8.26545630650995e-10	1.28921494769983	0.187	0.05	2.77206873607731e-05	c10	LIN54
8.7661699666759e-10	0.671011677254415	0.888	0.656	2.93999808342376e-05	c10	CCNI
8.96580356595158e-10	2.28227873824046	0.159	0.04	3.00695119994884e-05	c10	CENPO
9.11085979024171e-10	0.731642815140308	0.738	0.455	3.05560015645127e-05	c10	GIMAP4
1.09154061152131e-09	0.745652513465628	0.85	0.586	3.66080890292017e-05	c10	JPT1
1.14353818351632e-09	1.35689658338862	0.402	0.182	3.83519835987703e-05	c10	BCL2L12
1.20908526696815e-09	2.44994818211129	0.14	0.032	4.05503016835778e-05	c10	HIST1H2BH
1.25552584672687e-09	1.02693361003868	0.449	0.209	4.21078258475257e-05	c10	RNASEH2B
1.26703407629945e-09	2.53334336067521	0.075	0.01	4.24937888509311e-05	c10	GKAP1
1.27988554184455e-09	2.84991586852358	0.047	0.004	4.29248013023826e-05	c10	ARL11
1.34251585622351e-09	0.85403572779799	0.673	0.396	4.50252967860241e-05	c10	ANP32E
1.36152350645922e-09	1.26217555543129	0.178	0.046	4.56627753596294e-05	c10	FXYD7
1.46840173302824e-09	0.839920508244614	0.682	0.417	4.92472573223012e-05	c10	ILF2
1.48355691678346e-09	2.54614316130967	0.084	0.013	4.97555318750838e-05	c10	HIST1H2BM
1.53493194378589e-09	1.74922187856119	0.178	0.047	5.14785475306913e-05	c10	ISYNA1
1.55357853062518e-09	1.08697942837993	0.383	0.165	5.21039167601074e-05	c10	CBFB
1.58479960769714e-09	0.897791006847915	0.645	0.38	5.31510092429465e-05	c10	LSM5
1.64436558882054e-09	0.482672253362844	0.467	0.204	5.51487331178634e-05	c10	TRIM22
1.71137495630885e-09	0.848556009502955	0.393	0.163	5.73960932846863e-05	c10	LIME1
1.76267406770888e-09	1.53533404260785	0.234	0.076	5.91165628828205e-05	c10	DHRS4L2
1.7978928283395e-09	1.24836932393563	0.383	0.168	6.029772967685e-05	c10	LAIR1
2.04139321393931e-09	4.15893531470687	0.028	0.001	6.84642456090967e-05	c10	LINC02265
2.39846140134177e-09	1.60310655472564	0.178	0.048	8.04395984782003e-05	c10	HIST2H2AC
2.61235460542595e-09	2.6214702314936	0.093	0.016	8.76131487567755e-05	c10	RDM1
2.96231515157345e-09	2.67124074887341	0.112	0.022	9.93501255534703e-05	c10	EXO1
3.08279110174615e-09	6.96313864406369	0.009	0	0.000103390647970363	c10	SCNN1D
3.08279110174615e-09	7.24244254898549	0.009	0	0.000103390647970363	c10	AL034417.2
3.08279110174615e-09	7.32526520409543	0.009	0	0.000103390647970363	c10	GNG12
3.08279110174615e-09	7.22826323004873	0.009	0	0.000103390647970363	c10	F3
3.08279110174615e-09	6.97110430524014	0.009	0	0.000103390647970363	c10	LINC01675
3.08279110174615e-09	7.30071368310657	0.009	0	0.000103390647970363	c10	GPR37L1
3.08279110174615e-09	7.22826323004873	0.009	0	0.000103390647970363	c10	PPFIA4
3.08279110174615e-09	6.25367576285663	0.009	0	0.000103390647970363	c10	PTPN14
3.08279110174615e-09	7.50612282979954	0.009	0	0.000103390647970363	c10	AC092809.4
3.08279110174615e-09	6.87800741552005	0.009	0	0.000103390647970363	c10	LINC00184
3.08279110174615e-09	6.84912139673246	0.009	0	0.000103390647970363	c10	AC092653.1
3.08279110174615e-09	6.31557066517119	0.009	0	0.000103390647970363	c10	AC009303.3
3.08279110174615e-09	5.91662179079262	0.009	0	0.000103390647970363	c10	AC073869.3
3.08279110174615e-09	7.36168805736547	0.009	0	0.000103390647970363	c10	SATB2
3.08279110174615e-09	5.87013647817001	0.009	0	0.000103390647970363	c10	LINC02033
3.08279110174615e-09	6.57512164170617	0.009	0	0.000103390647970363	c10	AC124045.1
3.08279110174615e-09	6.87445535264447	0.009	0	0.000103390647970363	c10	ZMYND10-AS1
3.08279110174615e-09	6.85485892099847	0.009	0	0.000103390647970363	c10	IL20RB
3.08279110174615e-09	6.57014847520966	0.009	0	0.000103390647970363	c10	AC095057.2
3.08279110174615e-09	6.87800741552005	0.009	0	0.000103390647970363	c10	AC096734.2
3.08279110174615e-09	7.32526520409543	0.009	0	0.000103390647970363	c10	AC106897.1
3.08279110174615e-09	5.83280059168086	0.009	0	0.000103390647970363	c10	MAP1B
3.08279110174615e-09	6.25367576285663	0.009	0	0.000103390647970363	c10	LINC00461
3.08279110174615e-09	5.64541746230387	0.009	0	0.000103390647970363	c10	AL445309.1
3.08279110174615e-09	7.24244254898549	0.009	0	0.000103390647970363	c10	U91328.2
3.08279110174615e-09	6.73713108846323	0.009	0	0.000103390647970363	c10	PRKAR2B
3.08279110174615e-09	5.64541746230387	0.009	0	0.000103390647970363	c10	TREX2
3.08279110174615e-09	6.3851701140911	0.009	0	0.000103390647970363	c10	FGF20
3.08279110174615e-09	5.9875547092241	0.009	0	0.000103390647970363	c10	AC083843.2
3.08279110174615e-09	7.31211597225678	0.009	0	0.000103390647970363	c10	ENHO
3.08279110174615e-09	6.80946955379499	0.009	0	0.000103390647970363	c10	C9orf41-AS1
3.08279110174615e-09	7.10743576630991	0.009	0	0.000103390647970363	c10	GAS1RR
3.08279110174615e-09	7.16526265549536	0.009	0	0.000103390647970363	c10	AL158071.4
3.08279110174615e-09	7.03288249671271	0.009	0	0.000103390647970363	c10	ADAMTSL2
3.08279110174615e-09	8.1986520748709	0.009	0	0.000103390647970363	c10	DBH-AS1
3.08279110174615e-09	5.98502375508011	0.009	0	0.000103390647970363	c10	AC111188.1
3.08279110174615e-09	6.57512164170617	0.009	0	0.000103390647970363	c10	RCOR2
3.08279110174615e-09	7.22826323004873	0.009	0	0.000103390647970363	c10	CNIH2
3.08279110174615e-09	7.10680755274292	0.009	0	0.000103390647970363	c10	USP2
3.08279110174615e-09	5.98502375508011	0.009	0	0.000103390647970363	c10	AC022400.7
3.08279110174615e-09	6.58771936781892	0.009	0	0.000103390647970363	c10	PRB3
3.08279110174615e-09	6.84912139673246	0.009	0	0.000103390647970363	c10	AC004263.1
3.08279110174615e-09	6.51153491658742	0.009	0	0.000103390647970363	c10	GJB2
3.08279110174615e-09	5.96971015146021	0.009	0	0.000103390647970363	c10	GRTP1
3.08279110174615e-09	6.26407088842606	0.009	0	0.000103390647970363	c10	SLC10A1
3.08279110174615e-09	5.96971015146021	0.009	0	0.000103390647970363	c10	SLC24A5
3.08279110174615e-09	6.4341313082254	0.009	0	0.000103390647970363	c10	AC009560.1
3.08279110174615e-09	5.64541746230387	0.009	0	0.000103390647970363	c10	PRSS27
3.08279110174615e-09	6.90015407411251	0.009	0	0.000103390647970363	c10	AC087392.5
3.08279110174615e-09	6.16748653077994	0.009	0	0.000103390647970363	c10	USP6
3.08279110174615e-09	6.42679963414103	0.009	0	0.000103390647970363	c10	TVP23C-CDRT4
3.08279110174615e-09	7.2203625988069	0.009	0	0.000103390647970363	c10	RHBDL3
3.08279110174615e-09	6.77676792067845	0.009	0	0.000103390647970363	c10	PPP1R1B
3.08279110174615e-09	7.16526265549536	0.009	0	0.000103390647970363	c10	CUEDC1
3.08279110174615e-09	6.26407088842606	0.009	0	0.000103390647970363	c10	C17orf82
3.08279110174615e-09	7.03923534031586	0.009	0	0.000103390647970363	c10	AC145343.1
3.08279110174615e-09	6.26407088842606	0.009	0	0.000103390647970363	c10	CELF4
3.08279110174615e-09	6.93229503604544	0.009	0	0.000103390647970363	c10	AC011471.2
3.08279110174615e-09	6.57014847520966	0.009	0	0.000103390647970363	c10	AC007192.2
3.08279110174615e-09	6.26407088842606	0.009	0	0.000103390647970363	c10	FUT2
3.08279110174615e-09	7.28138189069375	0.009	0	0.000103390647970363	c10	C19orf81
3.08279110174615e-09	6.16748653077994	0.009	0	0.000103390647970363	c10	TTYH1
3.08279110174615e-09	7.31211597225678	0.009	0	0.000103390647970363	c10	AL031846.2
3.08279110174615e-09	7.03288249671271	0.009	0	0.000103390647970363	c10	FAM83F
3.08279110174615e-09	5.64541746230387	0.009	0	0.000103390647970363	c10	AF064858.1
3.13691170159886e-09	0.939694382724313	0.673	0.411	0.000105205744648223	c10	RPA3
3.14210788088042e-09	0.732263565545896	0.673	0.395	0.000105380014108968	c10	RANBP1
3.15580681098182e-09	1.35830441772894	0.393	0.182	0.000105839448826708	c10	GMNN
3.24630876007445e-09	1.9225925148783	0.15	0.037	0.000108874703195377	c10	HDAC6
3.36296816309503e-09	0.958514422777079	0.551	0.305	0.000112787226253881	c10	ACAT2
3.43655201496636e-09	0.85067485944556	0.355	0.144	0.000115255081477942	c10	SH3BP5
3.78454494581623e-09	3.35724691999047	0.047	0.004	0.000126926068392785	c10	WDR90
3.90499532877284e-09	2.09702101704303	0.196	0.059	0.000130965733336383	c10	ATP23
3.99552942287084e-09	2.94625728729153	0.047	0.004	0.000134002065784242	c10	SPINK2
4.02686255133382e-09	0.708303191250191	0.72	0.44	0.000135052916246634	c10	SRP9
4.06578685530283e-09	1.2634441489625	0.383	0.174	0.000136358359553146	c10	UBE2S
4.09672678118139e-09	2.06571627104035	0.047	0.004	0.000137396022787261	c10	FTCD
4.12721696100284e-09	0.7036822297569	0.766	0.482	0.000138418602438113	c10	MRPL51
4.20794250058283e-09	1.90284682964158	0.243	0.085	0.000141125975584547	c10	TMEM107
4.43999334730917e-09	1.14242841648851	0.14	0.032	0.000148908496882055	c10	ID3
4.52702534701343e-09	1.60639345567014	0.159	0.041	0.000151827376088136	c10	DBNDD2
4.55444203837829e-09	0.745321543972806	0.15	0.036	0.000152746877083131	c10	TIAM1
5.0081341215746e-09	1.69678658665457	0.224	0.073	0.000167962802169369	c10	CDC45
5.37524703621334e-09	1.88316187842545	0.196	0.06	0.000180275035100523	c10	GAMT
5.67274916575703e-09	1.34293053708697	0.346	0.15	0.000190252661521159	c10	NSD2
5.94988029248725e-09	1.38166151198918	0.411	0.198	0.000199547085249437	c10	DHFR
5.98431991536623e-09	0.866372884315497	0.187	0.052	0.000200702121321553	c10	IGFBP4
6.09303792986742e-09	0.565466301254604	0.916	0.72	0.000204348306091894	c10	PCBP1
6.14762738832663e-09	0.658340143227884	0.738	0.501	0.000206179127349698	c10	STAT1
6.73038337517156e-09	0.588226274352112	0.963	0.702	0.000225723597636504	c10	COX8A
7.25429425110705e-09	0.424492065125029	0.991	0.846	0.000243294520593628	c10	RPSA
7.51243517479676e-09	0.742086631747794	0.729	0.456	0.000251952050892334	c10	SNRPD1
7.58525227976754e-09	3.32583853152233	0.056	0.006	0.000254394190958844	c10	FBXO43
7.65104843831302e-09	1.88315317785288	0.178	0.051	0.000256600862524142	c10	MTFR2
7.69007815126759e-09	0.407996707641532	0.579	0.301	0.000257909841037212	c10	CXCR4
8.17555497995714e-09	1.12701952805874	0.065	0.009	0.000274191762917803	c10	SCML1
8.33798594433255e-09	5.18303972980384	0.019	0.001	0.000279639372601025	c10	DENND2C
8.33798594433255e-09	4.89117576809119	0.019	0.001	0.000279639372601025	c10	LMNB1-DT
8.33798594433255e-09	5.03035068741211	0.019	0.001	0.000279639372601025	c10	GLI3
8.33798594433255e-09	5.16543740113362	0.019	0.001	0.000279639372601025	c10	DBH
8.33798594433255e-09	4.99052115446036	0.019	0.001	0.000279639372601025	c10	CDH24
8.33798594433255e-09	6.24385980465612	0.019	0.001	0.000279639372601025	c10	NDRG4
8.41625926404754e-09	4.84200943989484	0.019	0.001	0.000282264503197626	c10	SCN5A
8.49524679647419e-09	3.47574842373191	0.019	0.001	0.000284913587060151	c10	AGAP9
8.49524679647419e-09	4.90402861512477	0.019	0.001	0.000284913587060151	c10	ELL3
8.79530483649113e-09	1.93764897799148	0.196	0.061	0.000294976933606239	c10	OIP5
9.00289835584325e-09	0.657078098209827	0.682	0.417	0.000301939205058271	c10	AIP
9.04240600930477e-09	1.04701135389217	0.57	0.329	0.000303264212740063	c10	ZDHHC12
9.26797585667955e-09	0.804121671521624	0.421	0.19	0.000310829374281319	c10	SUSD3
9.81217427676040e-09	1.66655334500748	0.215	0.07	0.00032908070089399	c10	ORC6
9.84071887271764e-09	1.35395502035795	0.318	0.13	0.000330038029553204	c10	PSMD10
1.00682146353192e-08	0.905745020069016	0.664	0.411	0.000337667782439334	c10	MEA1
1.06272708515363e-08	2.23063608619385	0.121	0.027	0.000356417409818824	c10	ASRGL1
1.10318225915951e-08	1.44281123959283	0.187	0.055	0.000369985266076915	c10	ECT2
1.10644614476604e-08	0.652227404237788	0.925	0.763	0.000371079908031635	c10	PSME2
1.13550711720496e-08	1.6141350255721	0.103	0.02	0.000380826376968201	c10	SLC43A1
1.22936722918968e-08	1.27117457421323	0.075	0.011	0.000412305181325635	c10	ALPK1
1.23738524952177e-08	0.909926538362273	0.421	0.203	0.000414994264984611	c10	CEP57
1.28416915443415e-08	1.26526169228848	0.364	0.166	0.000430684651014125	c10	RFC4
1.33679629294058e-08	1.26787991161965	0.327	0.139	0.00044833474072641	c10	GGH
1.34474853992495e-08	1.00932594611967	0.486	0.247	0.00045100176532003	c10	MT2A
1.37106480169299e-08	2.05554129553755	0.14	0.035	0.000459827713191795	c10	CENPJ
1.46063618317456e-08	0.749472426557819	0.72	0.485	0.000489868163113086	c10	UXT
1.47765241840504e-08	1.50649327765453	0.262	0.097	0.000495575068084681	c10	PARD6A
1.49715518421633e-08	0.72581841744741	0.822	0.547	0.000502115905682471	c10	GYPC
1.54361748105283e-08	2.97670554920967	0.056	0.007	0.000517698430795499	c10	AL133215.2
1.56842952423197e-08	3.52638226766721	0.037	0.003	0.000526019893836918	c10	AL357874.1
1.5955496517267e-08	2.47768200129078	0.056	0.007	0.0005351154421961	c10	SBK1
1.59663204663045e-08	0.768769350174543	0.71	0.469	0.000535478455798922	c10	IFITM3
1.62910604344593e-08	2.64030404497588	0.037	0.003	0.000546369584850895	c10	CRYBG2
1.73788796389034e-08	0.582605241100547	0.963	0.717	0.000582852865329541	c10	MIF
1.75885890164547e-08	1.54135833741715	0.14	0.035	0.000589886098433858	c10	TCEAL3
1.77795554658186e-08	0.809770499976501	0.505	0.265	0.000596290731212624	c10	PNRC2
1.82310997407153e-08	1.62388126190949	0.075	0.011	0.000611434623104109	c10	RNF144A
1.94002299022001e-08	1.08115936577011	0.168	0.047	0.000650644910459988	c10	LINC01550
2.07069482015889e-08	0.613382553541021	0.692	0.414	0.000694469628784889	c10	LITAF
2.13093636853972e-08	1.39015725294699	0.234	0.082	0.000714673439280852	c10	CCDC18
2.24520344175891e-08	0.537581654419678	0.972	0.765	0.000752996330297104	c10	RHOA
2.50251557486533e-08	1.57308191695007	0.234	0.084	0.000839293673498333	c10	DLEU2
2.63125053436332e-08	0.950038688208371	0.579	0.342	0.00088246880421477	c10	LSM3
2.65383784737533e-08	3.10580400055033	0.047	0.005	0.000890044137252738	c10	HIST1H2AI
2.65531278360236e-08	0.478382318829295	0.963	0.727	0.000890538801364558	c10	PCBP2
2.68409252437282e-08	3.12528697091135	0.047	0.005	0.000900190950824158	c10	PACSIN3
2.68594336836073e-08	0.763037308355996	0.458	0.236	0.000900811686880823	c10	DCK
3.29384368906875e-08	0.786655574502612	0.561	0.315	0.00110468929643988	c10	SF3A2
3.43329845025456e-08	1.26499512760242	0.262	0.099	0.00115145963424638	c10	TIMELESS
3.72703732611169e-08	2.18954573337557	0.131	0.032	0.00124997377843134	c10	TRAV12-2
4.00562422911843e-08	0.534975568952232	0.944	0.721	0.00134340625396174	c10	LDHA
4.04360455996194e-08	1.72523464322309	0.187	0.059	0.00135614409732004	c10	ARHGAP11A
4.06939548064014e-08	1.54052270392013	0.065	0.009	0.00136479385629709	c10	XCL2
4.33662130392365e-08	0.486608387343274	0.925	0.783	0.00145441605290992	c10	LDHB
4.72378339271391e-08	1.12291622049341	0.196	0.062	0.00158426247424839	c10	FBXO34
4.73124025066666e-08	1.54322988676699	0.187	0.058	0.00158676335526858	c10	NME4
4.74004072144888e-08	1.55247822158011	0.15	0.04	0.00158971485715953	c10	POLQ
4.87661378195139e-08	1.98847603180844	0.159	0.045	0.00163551873019086	c10	CTNNAL1
4.9317915698593e-08	0.385543209726904	0.72	0.432	0.00165402425669941	c10	ZFP36L2
5.29861367429636e-08	3.58314918355573	0.056	0.007	0.00177704905408551	c10	MVB12B
5.50094852649327e-08	1.53444618068291	0.159	0.045	0.00184490811681531	c10	C21orf58
5.50796254958419e-08	1.35710572574328	0.308	0.136	0.00184726047987955	c10	HADH
5.52597534802356e-08	0.573503942756444	0.925	0.703	0.00185330161222014	c10	PSMB8
5.84915168349715e-08	1.91217254551482	0.037	0.003	0.00196168849161127	c10	PTK2
5.91248708368189e-08	1.83969467605653	0.14	0.037	0.00198292991812523	c10	SH3GLB2
5.92176280689476e-08	2.69428058796151	0.056	0.007	0.00198604081017636	c10	ZNF395
6.04730632259688e-08	3.18433956820017	0.047	0.005	0.00202814559447254	c10	PHGDH
6.10379501787235e-08	1.04417737625287	0.355	0.162	0.00204709077309403	c10	PRPSAP1
6.30714823499169e-08	2.17768052922031	0.14	0.037	0.00211529137505151	c10	E2F1
7.15600774708791e-08	0.988141875476024	0.505	0.282	0.00239998187821834	c10	SSRP1
7.225734628453e-08	0.577223629935191	0.822	0.582	0.00242336687969057	c10	HNRNPA3
7.7558223154777e-08	2.6237421223056	0.093	0.019	0.00260114768816491	c10	PAK4
7.80005222717449e-08	0.813391199853032	0.467	0.252	0.00261598151594978	c10	CBX5
7.83891218389033e-08	0.853202865654452	0.467	0.244	0.00262901436823314	c10	NSMCE1
7.93807044954806e-08	1.07909516470513	0.252	0.097	0.00266227006736943	c10	BRD8
8.22421270999633e-08	0.946115672439652	0.486	0.263	0.00275823645867857	c10	USP1
8.24374660445857e-08	0.881214287656722	0.486	0.273	0.00276478773620332	c10	SMARCB1
8.50462509133711e-08	0.979934280809339	0.449	0.237	0.00285228116313264	c10	RBM42
9.07064238255415e-08	1.71643824370141	0.14	0.037	0.00304211204226101	c10	LIMS2
9.55210257280539e-08	2.01993957900193	0.112	0.026	0.00320358416086747	c10	CENPQ
9.69969039248516e-08	1.33842332487081	0.159	0.046	0.00325308216383167	c10	HPSE
1.0207469283287e-07	1.21365182314196	0.29	0.119	0.0034233810482288	c10	SPTSSA
1.02602111517033e-07	1.1153433323449	0.336	0.154	0.00344106961605824	c10	VPS26B
1.02938662942135e-07	0.976534429366896	0.374	0.18	0.00345235687775333	c10	C12orf65
1.06037335328518e-07	0.74676700155745	0.579	0.361	0.00355628015224783	c10	KHDRBS1
1.09467217855212e-07	1.05838808490179	0.215	0.074	0.0036713115524281	c10	ILVBL
1.13584437911135e-07	0.789117222053006	0.72	0.514	0.00380939487866365	c10	EIF3L
1.20006849200353e-07	1.08841251264485	0.402	0.206	0.00402478970848143	c10	CEBPG
1.20019211334198e-07	1.94046470960293	0.056	0.007	0.00402520430972632	c10	CHI3L2
1.23518710638566e-07	1.18338832831	0.355	0.166	0.00414257051739622	c10	ACD
1.29187612193478e-07	0.702091774270504	0.598	0.359	0.00433269413774486	c10	TMEM160
1.33672951427901e-07	0.854655156569607	0.262	0.1	0.00448312344498893	c10	CASP8AP2
1.38280795653865e-07	2.47565068065221	0.047	0.005	0.00463766132463932	c10	ZNF486
1.39439605106786e-07	1.36920347891368	0.224	0.082	0.0046765254760714	c10	WDR76
1.49465622436564e-07	3.31944895076072	0.028	0.002	0.0050127780452775	c10	EXPH5
1.52575362321182e-07	0.988713063455273	0.402	0.202	0.00511707250152781	c10	C17orf49
1.52888077355885e-07	2.71354619558532	0.075	0.013	0.00512756033836166	c10	ERCC6L
1.53076942229803e-07	0.505010807666593	0.645	0.378	0.00513389448850313	c10	SFPQ
1.60767531915738e-07	0.800045547283877	0.607	0.403	0.00539182148539	c10	NONO
1.66395831956152e-07	2.26006397608461	0.093	0.019	0.00558058341214543	c10	LYL1
1.69016284197644e-07	2.25559823730313	0.075	0.013	0.00566846813942058	c10	CCDC15
1.6954150192209e-07	1.44101378568144	0.224	0.082	0.00568608289146307	c10	DSN1
1.71219542814347e-07	0.410036465781151	0.991	0.805	0.00574236102690758	c10	HINT1
1.7271189956896e-07	0.727570285726833	0.607	0.383	0.00579241168774378	c10	PSMG2
1.74783802218985e-07	2.13312079695017	0.093	0.019	0.00586189915882031	c10	BBC3
1.88624168573995e-07	2.86979138867889	0.056	0.008	0.00632607736563465	c10	MXRA7
2.2178565749263e-07	2.10487233031064	0.093	0.02	0.00743824738098784	c10	FAM72B
2.22201538366609e-07	0.604877879708352	0.178	0.056	0.00745219519373935	c10	ERAP2
2.28811746526085e-07	0.865875107899327	0.346	0.16	0.00767388835499184	c10	GIMAP2
2.30254488277399e-07	1.1195255963211	0.15	0.043	0.0077222750278474	c10	TNRC6C
2.57479761815348e-07	0.867157227816047	0.533	0.317	0.00863535625176313	c10	SKA2
2.60220009472576e-07	1.31050906175696	0.065	0.01	0.00872725867769124	c10	ST3GAL3
2.83695386556325e-07	1.53320206806184	0.196	0.07	0.00951457587432604	c10	CENPL
2.85028801998195e-07	0.437883607437065	0.271	0.103	0.00955929596141546	c10	LEF1
2.86778427262563e-07	3.07216324602058	0.056	0.008	0.00961797489353185	c10	ARHGAP33
2.90914307671427e-07	1.44885370049481	0.187	0.063	0.00975668405068433	c10	DTL
2.97084491256787e-07	0.350848137204914	0.121	0.03	0.00996361966777013	c10	PECAM1
2.98531490649792e-07	0.760312475737629	0.561	0.343	0.0100121491334127	c10	RBMX
3.06569257107407e-07	2.47023591467438	0.065	0.011	0.0102817197448682	c10	SAPCD2
3.2196825111357e-07	0.910946830507185	0.383	0.193	0.0107981712058469	c10	DNAJB1
3.22673403472767e-07	0.560261318295032	0.897	0.681	0.0108218206056696	c10	NDUFB11
3.24593116273069e-07	0.680333446508738	0.579	0.344	0.0108862039335662	c10	C9orf78
3.30891618205014e-07	3.10111863884773	0.103	0.024	0.0110974430913598	c10	TRAV16
3.36150004586857e-07	1.67403427668931	0.178	0.059	0.011273798853834	c10	C4orf46
3.52754169644511e-07	2.19520457487504	0.075	0.014	0.0118306693415376	c10	FAM213A
3.71206630006995e-07	0.693362604353852	0.533	0.317	0.0124495279571746	c10	FUNDC2
3.80588052591189e-07	5.10213839684919	0.019	0.001	0.0127641621078033	c10	AC135507.1
3.83423495014082e-07	3.64103401650804	0.019	0.001	0.0128592571757823	c10	AC005154.6
3.83423495014082e-07	3.79773632845839	0.019	0.001	0.0128592571757823	c10	SIAH3
3.83423495014082e-07	3.94510551912166	0.019	0.001	0.0128592571757823	c10	LINC02295
3.8627931774999e-07	3.25888496559828	0.019	0.001	0.0129550357586992	c10	VSIG8
3.8627931774999e-07	3.69386618928787	0.019	0.001	0.0129550357586992	c10	AL121787.1
3.891556615626e-07	2.86809526501433	0.019	0.001	0.0130515025774865	c10	AL645568.1
3.891556615626e-07	2.83138987144421	0.019	0.001	0.0130515025774865	c10	AC022182.1
3.92231028890165e-07	1.27461855883306	0.252	0.103	0.0131546442469184	c10	TP53I13
4.18981264937171e-07	1.16385631771784	0.206	0.074	0.0140517936634628	c10	MPHOSPH9
4.21008446374754e-07	0.910666308736447	0.364	0.177	0.0141197812745165	c10	POP5
4.36428657180873e-07	0.838593270918982	0.168	0.053	0.0146369443045321	c10	EEA1
4.75262607113489e-07	0.682985282434703	0.57	0.336	0.0159393573173722	c10	SEPT9
4.8108499261138e-07	0.481955911546686	0.757	0.5	0.0161346284822005	c10	IRF1
4.83096750792581e-07	0.939654820803949	0.43	0.233	0.0162020988280816	c10	RBBP7
5.31466598663596e-07	0.72268513423946	0.542	0.323	0.0178243267859797	c10	SIGIRR
5.36547203145197e-07	0.44525404586646	0.963	0.813	0.0179947200990836	c10	RPS21
5.44264145840042e-07	0.665309548351425	0.729	0.507	0.0182535309231833	c10	ATP5PD
5.45926673386861e-07	0.907254530717398	0.533	0.324	0.0183092887720485	c10	CMC2
5.53475518372106e-07	1.27762389269335	0.121	0.032	0.0185624619351637	c10	GEN1
5.63011849687637e-07	1.06201784070129	0.374	0.192	0.018882291414824	c10	SLC25A1
5.65984561222638e-07	1.42941324504233	0.206	0.074	0.0189819902142848	c10	SHCBP1
6.36774120403838e-07	1.33505581175889	0.206	0.075	0.0213561304501039	c10	CIP2A
6.3734322106374e-07	0.510324579546829	0.318	0.139	0.0213752169480357	c10	RCAN3
6.41846567573302e-07	2.68457534570129	0.084	0.018	0.0215262501832734	c10	HSPA2
6.79107984481157e-07	2.22112765867057	0.131	0.037	0.022775923583529	c10	SKA1
6.81502905486482e-07	3.30559652392062	0.028	0.002	0.0228562444442056	c10	MORC2-AS1
6.88221248926676e-07	4.40128925146081	0.028	0.002	0.0230815642465029	c10	GPR137C
7.29891517105689e-07	2.04335490843207	0.028	0.002	0.0244791017006906	c10	BAIAP2L1
7.48073050398191e-07	0.596483463546969	0.224	0.083	0.0250888739642545	c10	MLLT3
7.63585647475375e-07	1.74921812869938	0.075	0.014	0.0256091354450291	c10	CD9
7.76404611449359e-07	1.35406832197445	0.15	0.045	0.0260390578587886	c10	BRCA2
7.82999313506622e-07	2.74540337531004	0.075	0.014	0.0262602309763851	c10	ZNF575
8.12735295907359e-07	0.301894497420882	1	0.856	0.027257516354141	c10	FAU
8.94112400808213e-07	2.46344393890176	0.056	0.009	0.0299867416983058	c10	ST6GALNAC1
9.47198334859429e-07	1.2370236403216	0.206	0.076	0.0317671377545155	c10	PRIM1
9.54581997115737e-07	1.41520021100752	0.234	0.095	0.0320147710192676	c10	SUZ12
9.6866712071817e-07	0.45573918667185	0.234	0.089	0.032487157894646	c10	ITPR2
9.93458186969153e-07	1.16011908167665	0.224	0.086	0.0333186006745714	c10	MCM2
9.99661375217404e-07	0.820377999395682	0.346	0.166	0.0335266432020413	c10	DBF4
1.0736850963803e-06	2.45960885373244	0.047	0.006	0.0360092507624024	c10	NBL1
1.08464505990065e-06	1.15212007992952	0.178	0.06	0.036376826018948	c10	KANSL1-AS1
1.08633535270012e-06	1.59310221683824	0.112	0.029	0.0364335150588568	c10	STRBP
1.11489928499734e-06	0.767572284699221	0.542	0.326	0.0373914922202407	c10	CAPG
1.12528951864679e-06	0.71242556315313	0.804	0.631	0.037739959876376	c10	RPS27L
1.12893141034966e-06	0.200254730575345	0.57	0.324	0.0378621016403069	c10	TAF15
1.1760652383916e-06	0.533023698740143	0.411	0.21	0.0394428759651776	c10	RECQL
1.21776927878524e-06	1.02448870295912	0.327	0.155	0.0408415460718995	c10	GLUL
1.23918925739286e-06	0.959556730932667	0.374	0.194	0.0415599293144416	c10	CENPK
1.23956494288503e-06	2.09309851303398	0.121	0.034	0.0415725290544782	c10	RAB34
1.30295536219362e-06	0.472424783849228	0.916	0.687	0.0436985169372496	c10	SLC25A6
1.337257884969e-06	0.77819625768557	0.542	0.332	0.0448489549460905	c10	MPC2
1.38087664933839e-06	1.81340471145814	0.121	0.034	0.046311841065511	c10	HIST1H2AE
1.40564285549653e-06	1.37046189551833	0.121	0.033	0.0471424500876425	c10	SLC2A4RG
1.4124640419623e-06	1.41345306588443	0.121	0.034	0.0473712190393315	c10	HIST1H2BN
1.43344120265027e-06	0.761706159783829	0.178	0.061	0.0480747510544848	c10	USP42
1.4720049075463e-06	1.56157841710326	0.103	0.026	0.0493681005892878	c10	ERLIN1
1.4907739412272e-06	0.876047837942999	0.439	0.246	0.049997576440878	c10	MZT1
